Name,Country,Div Rank,Gender Rank,Overall Rank,Swim,Bike,Run,Finish,Points,Distance,Race_City,Race_Country,Race_Region,Gender,Race_Year,Race_Date,Race_Name,Age_Group
"Schildknecht, Ronnie",CHE,1,1,1,00:53:18,04:36:11,02:48:43,08:19:51,---,Ironman 140.6,Zurich,Switzerland,Europe,M,2011,20110710,switzerland,Pro
"Alonso-Mckernan, Clemente",---,2,2,2,00:51:04,04:51:38,02:41:58,08:27:56,---,Ironman 140.6,Zurich,Switzerland,Europe,M,2011,20110710,switzerland,Pro
"Hecht, Mathias",CHE,3,3,3,00:51:11,04:35:20,03:01:59,08:30:26,---,Ironman 140.6,Zurich,Switzerland,Europe,M,2011,20110710,switzerland,Pro
"Viennot, Cyril",FRA,4,4,4,00:55:37,04:52:01,02:46:34,08:36:02,---,Ironman 140.6,Zurich,Switzerland,Europe,M,2011,20110710,switzerland,Pro
"Aigroz, Mike",CHE,5,5,5,00:53:16,04:52:34,02:50:21,08:38:21,---,Ironman 140.6,Zurich,Switzerland,Europe,M,2011,20110710,switzerland,Pro
"Marques, Sergio",---,6,6,6,00:58:03,04:57:03,02:50:48,08:48:01,---,Ironman 140.6,Zurich,Switzerland,Europe,M,2011,20110710,switzerland,Pro
"Wyss, Rafael",CHE,7,7,7,01:03:04,04:48:43,02:57:28,08:51:36,---,Ironman 140.6,Zurich,Switzerland,Europe,M,2011,20110710,switzerland,Pro
"Schifferle, Mike",CHE,8,8,8,01:01:55,04:48:57,03:00:19,08:53:57,---,Ironman 140.6,Zurich,Switzerland,Europe,M,2011,20110710,switzerland,Pro
"Bieler, Ueli",CHE,9,10,11,01:05:12,04:56:18,03:03:16,09:07:08,---,Ironman 140.6,Zurich,Switzerland,Europe,M,2011,20110710,switzerland,Pro
"Mueller, Daniel",DEU,10,64,68,00:55:36,05:08:31,03:40:10,09:46:22,---,Ironman 140.6,Zurich,Switzerland,Europe,M,2011,20110710,switzerland,Pro
"Landon, Damien",FRA,11,73,77,00:55:43,05:26:52,03:24:32,09:49:55,---,Ironman 140.6,Zurich,Switzerland,Europe,M,2011,20110710,switzerland,Pro
"Nemcik, Marek",---,12,652,710,01:14:17,05:57:26,04:29:01,11:44:49,---,Ironman 140.6,Zurich,Switzerland,Europe,M,2011,20110710,switzerland,Pro
"Ballegaard, Bo",---,---,---,---,---,---,---,DNS,---,Ironman 140.6,Zurich,Switzerland,Europe,M,2011,20110710,switzerland,Pro
"Brader, Christian",---,---,---,---,01:00:15,05:04:45,---,DNF,---,Ironman 140.6,Zurich,Switzerland,Europe,M,2011,20110710,switzerland,Pro
"Fontana, Daniel",ITA,---,---,---,00:51:12,---,---,DNF,---,Ironman 140.6,Zurich,Switzerland,Europe,M,2011,20110710,switzerland,Pro
"Gomes, Pedro",PRT,---,---,---,---,---,---,DNS,---,Ironman 140.6,Zurich,Switzerland,Europe,M,2011,20110710,switzerland,Pro
"Kunz, Erich",---,---,---,---,00:58:17,---,---,DNF,---,Ironman 140.6,Zurich,Switzerland,Europe,M,2011,20110710,switzerland,Pro
"Marsh, Brandon",---,---,---,---,---,---,---,DNS,---,Ironman 140.6,Zurich,Switzerland,Europe,M,2011,20110710,switzerland,Pro
"Riesen, Stefan",CHE,---,---,---,01:00:20,04:44:18,01:45:07,DNF,---,Ironman 140.6,Zurich,Switzerland,Europe,M,2011,20110710,switzerland,Pro
"Sansone, Massimiliano",ITA,---,---,---,01:03:38,---,---,DNF,---,Ironman 140.6,Zurich,Switzerland,Europe,M,2011,20110710,switzerland,Pro
"Sundberg, Swen",---,---,---,---,---,---,---,DNS,---,Ironman 140.6,Zurich,Switzerland,Europe,M,2011,20110710,switzerland,Pro
"Küfner, Sebastian",DEU,1,37,39,00:58:05,05:08:09,03:26:03,09:35:20,---,Ironman 140.6,Zurich,Switzerland,Europe,M,2011,20110710,switzerland,18-24
"Froehli, Reto",CHE,2,49,52,01:06:29,05:10:42,03:19:22,09:39:30,---,Ironman 140.6,Zurich,Switzerland,Europe,M,2011,20110710,switzerland,18-24
"Gellatly, Adam",GBR,3,66,70,01:07:25,05:12:03,03:23:25,09:46:46,---,Ironman 140.6,Zurich,Switzerland,Europe,M,2011,20110710,switzerland,18-24
"Treiber, Benjamin",DEU,4,130,134,01:00:02,05:37:34,03:27:44,10:08:44,---,Ironman 140.6,Zurich,Switzerland,Europe,M,2011,20110710,switzerland,18-24
"Hofstetter, Michael",CHE,5,147,154,01:13:38,05:01:18,03:51:53,10:12:31,---,Ironman 140.6,Zurich,Switzerland,Europe,M,2011,20110710,switzerland,18-24
"Preisig, Pascal",CHE,6,157,167,01:03:31,05:33:22,03:34:59,10:15:09,---,Ironman 140.6,Zurich,Switzerland,Europe,M,2011,20110710,switzerland,18-24
"Jackel, Manuel",DEU,7,189,201,01:05:07,05:34:39,03:39:56,10:23:39,---,Ironman 140.6,Zurich,Switzerland,Europe,M,2011,20110710,switzerland,18-24
"Dosne, Francois-Xavier",FRA,8,231,244,01:03:55,05:45:44,03:36:59,10:29:36,---,Ironman 140.6,Zurich,Switzerland,Europe,M,2011,20110710,switzerland,18-24
"Caccamo, Vincent",CHE,9,263,276,01:07:53,05:39:36,03:40:23,10:34:46,---,Ironman 140.6,Zurich,Switzerland,Europe,M,2011,20110710,switzerland,18-24
"Körsgen, Henrik",DEU,10,372,396,01:10:25,06:01:04,03:37:43,10:55:31,---,Ironman 140.6,Zurich,Switzerland,Europe,M,2011,20110710,switzerland,18-24
"Gantino, Edward",DEU,13,461,499,01:06:01,05:42:09,04:19:06,11:11:08,---,Ironman 140.6,Zurich,Switzerland,Europe,M,2011,20110710,switzerland,18-24
"Benun, Joe",USA,14,872,962,01:14:54,06:56:41,03:53:57,12:21:45,---,Ironman 140.6,Zurich,Switzerland,Europe,M,2011,20110710,switzerland,18-24
"Dammone, Oliver",GBR,15,879,969,01:19:25,06:40:20,04:15:48,12:23:15,---,Ironman 140.6,Zurich,Switzerland,Europe,M,2011,20110710,switzerland,18-24
"Pasche, Misael",CHE,17,926,1029,01:19:34,06:05:57,04:55:34,12:33:50,---,Ironman 140.6,Zurich,Switzerland,Europe,M,2011,20110710,switzerland,18-24
"Heath, Andrew",GBR,18,1089,1218,01:25:49,07:02:10,04:34:31,13:11:06,---,Ironman 140.6,Zurich,Switzerland,Europe,M,2011,20110710,switzerland,18-24
"Wharton, Jack",GBR,19,1107,1240,01:34:42,06:57:49,04:34:39,13:19:12,---,Ironman 140.6,Zurich,Switzerland,Europe,M,2011,20110710,switzerland,18-24
"Plowman, Chris",GBR,20,1108,1241,01:18:58,06:54:32,04:58:19,13:19:30,---,Ironman 140.6,Zurich,Switzerland,Europe,M,2011,20110710,switzerland,18-24
"Houghton-Clarke, Benjamin John",GBR,21,1140,1275,01:19:05,06:27:57,05:30:26,13:26:57,---,Ironman 140.6,Zurich,Switzerland,Europe,M,2011,20110710,switzerland,18-24
"Ball, Andrew",GBR,22,1194,1345,01:26:18,06:59:15,05:06:43,13:43:13,---,Ironman 140.6,Zurich,Switzerland,Europe,M,2011,20110710,switzerland,18-24
"Müller, Benjamin",CHE,23,1197,1348,01:18:52,06:35:34,05:37:34,13:43:19,---,Ironman 140.6,Zurich,Switzerland,Europe,M,2011,20110710,switzerland,18-24
"Coote, James",GBR,24,1274,1441,01:17:26,06:47:47,05:58:49,14:14:07,---,Ironman 140.6,Zurich,Switzerland,Europe,M,2011,20110710,switzerland,18-24
"Wendling, Cesar",FRA,26,1360,1550,01:30:21,08:17:52,05:17:50,15:18:18,---,Ironman 140.6,Zurich,Switzerland,Europe,M,2011,20110710,switzerland,18-24
"Andreolla, Daniel",CHE,---,---,---,01:26:06,---,---,DNF,---,Ironman 140.6,Zurich,Switzerland,Europe,M,2011,20110710,switzerland,18-24
"Baumann, Adrian",CHE,---,---,---,01:22:43,05:58:06,---,DNF,---,Ironman 140.6,Zurich,Switzerland,Europe,M,2011,20110710,switzerland,18-24
"Kreis, Simon",CHE,---,---,---,01:06:57,05:43:29,---,DNF,---,Ironman 140.6,Zurich,Switzerland,Europe,M,2011,20110710,switzerland,18-24
"Meili, Sandro",CHE,---,---,---,01:22:15,05:44:50,---,DNF,---,Ironman 140.6,Zurich,Switzerland,Europe,M,2011,20110710,switzerland,18-24
"Ward, Sam",GBR,---,---,---,01:31:46,---,---,DNF,---,Ironman 140.6,Zurich,Switzerland,Europe,M,2011,20110710,switzerland,18-24
"With, Damien",FRA,1,9,9,00:55:29,04:53:10,03:04:51,08:56:34,---,Ironman 140.6,Zurich,Switzerland,Europe,M,2011,20110710,switzerland,25-29
"Truelsen, Morten",DNK,2,22,24,01:13:04,05:02:22,03:03:56,09:22:16,---,Ironman 140.6,Zurich,Switzerland,Europe,M,2011,20110710,switzerland,25-29
"Urs, Müller",CHE,3,24,26,00:57:06,05:04:24,03:19:31,09:23:48,---,Ironman 140.6,Zurich,Switzerland,Europe,M,2011,20110710,switzerland,25-29
"Kristensen, Jens",DNK,4,30,32,01:02:37,05:03:19,03:17:08,09:26:25,---,Ironman 140.6,Zurich,Switzerland,Europe,M,2011,20110710,switzerland,25-29
"Wyss, Patric",CHE,5,39,41,00:58:04,05:16:28,03:19:01,09:36:13,---,Ironman 140.6,Zurich,Switzerland,Europe,M,2011,20110710,switzerland,25-29
"Azpeleta Vicario, Jaime",ESP,6,50,53,00:55:53,05:15:47,03:24:37,09:39:40,---,Ironman 140.6,Zurich,Switzerland,Europe,M,2011,20110710,switzerland,25-29
"Keller, Michael",CHE,7,63,67,01:06:48,05:13:22,03:21:00,09:46:06,---,Ironman 140.6,Zurich,Switzerland,Europe,M,2011,20110710,switzerland,25-29
"Schmidt, David",DEU,8,67,71,01:05:47,05:19:12,03:18:13,09:47:30,---,Ironman 140.6,Zurich,Switzerland,Europe,M,2011,20110710,switzerland,25-29
"Bestler, Simon",DEU,9,68,72,01:05:08,05:11:13,03:28:02,09:47:57,---,Ironman 140.6,Zurich,Switzerland,Europe,M,2011,20110710,switzerland,25-29
"Spencer, Stuart",GBR,10,77,81,01:17:17,05:24:07,03:03:14,09:50:47,---,Ironman 140.6,Zurich,Switzerland,Europe,M,2011,20110710,switzerland,25-29
"Helfenstein, Alain",CHE,11,87,91,01:09:26,05:13:08,03:28:54,09:54:59,---,Ironman 140.6,Zurich,Switzerland,Europe,M,2011,20110710,switzerland,25-29
"Dunst, Florian",DEU,12,91,95,01:00:33,05:16:58,03:35:48,09:55:55,---,Ironman 140.6,Zurich,Switzerland,Europe,M,2011,20110710,switzerland,25-29
"Burri, Hans",CHE,13,93,97,01:12:24,05:10:41,03:29:57,09:56:35,---,Ironman 140.6,Zurich,Switzerland,Europe,M,2011,20110710,switzerland,25-29
"Sanchez Mora, Carlos Alberto",ITA,14,109,113,01:06:37,05:13:25,03:37:29,10:01:12,---,Ironman 140.6,Zurich,Switzerland,Europe,M,2011,20110710,switzerland,25-29
"Höfler, Andreas",DEU,15,110,114,01:05:21,05:17:20,03:35:28,10:01:28,---,Ironman 140.6,Zurich,Switzerland,Europe,M,2011,20110710,switzerland,25-29
"Tschopp, Raphael",CHE,16,111,115,01:10:45,05:22:26,03:25:08,10:01:56,---,Ironman 140.6,Zurich,Switzerland,Europe,M,2011,20110710,switzerland,25-29
"Rookus, Bert",NLD,17,119,123,01:03:51,05:18:45,03:37:44,10:03:35,---,Ironman 140.6,Zurich,Switzerland,Europe,M,2011,20110710,switzerland,25-29
"Overbeck, Philipp",CHE,18,136,142,01:10:51,05:25:04,03:30:17,10:09:44,---,Ironman 140.6,Zurich,Switzerland,Europe,M,2011,20110710,switzerland,25-29
"Evans, Guy",GBR,19,139,145,01:09:45,05:27:03,03:24:46,10:10:15,---,Ironman 140.6,Zurich,Switzerland,Europe,M,2011,20110710,switzerland,25-29
"Pudgar, Alja",SVN,20,143,149,01:07:41,05:33:48,03:26:40,10:10:58,---,Ironman 140.6,Zurich,Switzerland,Europe,M,2011,20110710,switzerland,25-29
"Janson, Tommy",DEU,23,158,168,01:15:57,05:24:55,03:31:02,10:15:49,---,Ironman 140.6,Zurich,Switzerland,Europe,M,2011,20110710,switzerland,25-29
"Lopez, Marc",ESP,24,180,190,01:02:25,05:37:01,03:37:44,10:21:49,---,Ironman 140.6,Zurich,Switzerland,Europe,M,2011,20110710,switzerland,25-29
"Bertino, Alessandro",ITA,25,191,203,00:57:16,05:29:28,03:53:05,10:23:55,---,Ironman 140.6,Zurich,Switzerland,Europe,M,2011,20110710,switzerland,25-29
"Mármol Ruiz, Giovanny",ECU,26,192,204,00:56:55,05:37:58,03:44:37,10:23:57,---,Ironman 140.6,Zurich,Switzerland,Europe,M,2011,20110710,switzerland,25-29
"Monsch, Roman",CHE,27,207,219,01:02:55,05:29:45,03:49:53,10:26:33,---,Ironman 140.6,Zurich,Switzerland,Europe,M,2011,20110710,switzerland,25-29
"Nuques, Pedro",ECU,28,230,243,01:03:01,05:39:59,03:43:28,10:29:33,---,Ironman 140.6,Zurich,Switzerland,Europe,M,2011,20110710,switzerland,25-29
"Eskola, Altti",FIN,29,249,262,01:02:16,05:15:13,04:09:56,10:31:52,---,Ironman 140.6,Zurich,Switzerland,Europe,M,2011,20110710,switzerland,25-29
"Jones, Nathan",AUS,30,256,269,01:01:58,05:08:58,04:19:11,10:33:31,---,Ironman 140.6,Zurich,Switzerland,Europe,M,2011,20110710,switzerland,25-29
"Guillaume, Duflou",FRA,31,264,277,01:18:26,05:42:45,03:30:38,10:35:07,---,Ironman 140.6,Zurich,Switzerland,Europe,M,2011,20110710,switzerland,25-29
"Horniak, Gregor",SVK,32,265,278,01:02:05,05:29:06,04:00:52,10:35:19,---,Ironman 140.6,Zurich,Switzerland,Europe,M,2011,20110710,switzerland,25-29
"Sieurin, Luc",FRA,33,278,291,01:00:00,05:21:38,04:10:26,10:37:44,---,Ironman 140.6,Zurich,Switzerland,Europe,M,2011,20110710,switzerland,25-29
"Etter, Hansruedi",CHE,34,310,325,01:05:29,05:28:47,04:04:05,10:43:36,---,Ironman 140.6,Zurich,Switzerland,Europe,M,2011,20110710,switzerland,25-29
"Schløtel, Claus",DNK,35,327,343,01:08:39,05:37:56,03:55:33,10:46:52,---,Ironman 140.6,Zurich,Switzerland,Europe,M,2011,20110710,switzerland,25-29
"Hediger, Damien",CHE,36,329,346,01:17:56,05:41:05,03:40:21,10:47:19,---,Ironman 140.6,Zurich,Switzerland,Europe,M,2011,20110710,switzerland,25-29
"Fleming, Justin",AUS,38,356,377,01:05:05,05:59:42,03:39:44,10:53:01,---,Ironman 140.6,Zurich,Switzerland,Europe,M,2011,20110710,switzerland,25-29
"Haldimann, Edgar",CHE,40,377,402,01:28:34,05:44:14,03:36:14,10:56:26,---,Ironman 140.6,Zurich,Switzerland,Europe,M,2011,20110710,switzerland,25-29
"Westphal, Karl Magnus",DEU,41,380,405,00:55:16,05:55:31,04:00:12,10:56:45,---,Ironman 140.6,Zurich,Switzerland,Europe,M,2011,20110710,switzerland,25-29
"Kruckenberg, Niko",DEU,42,389,414,01:09:37,05:36:36,04:08:35,10:58:27,---,Ironman 140.6,Zurich,Switzerland,Europe,M,2011,20110710,switzerland,25-29
"Putignano, Giovi",CHE,43,410,436,01:08:42,05:37:21,04:11:35,11:02:33,---,Ironman 140.6,Zurich,Switzerland,Europe,M,2011,20110710,switzerland,25-29
"Nielander, Niko",NLD,44,417,443,01:00:36,05:46:01,04:11:28,11:03:43,---,Ironman 140.6,Zurich,Switzerland,Europe,M,2011,20110710,switzerland,25-29
"Genetelli, Jonathan",USA,45,420,447,01:02:10,06:03:30,03:49:43,11:04:34,---,Ironman 140.6,Zurich,Switzerland,Europe,M,2011,20110710,switzerland,25-29
"Picrit, Marc",BEL,46,422,449,01:21:20,05:43:47,03:54:00,11:05:04,---,Ironman 140.6,Zurich,Switzerland,Europe,M,2011,20110710,switzerland,25-29
"Reimann, Benjamin",---,47,426,454,01:12:49,05:42:00,03:56:26,11:05:42,---,Ironman 140.6,Zurich,Switzerland,Europe,M,2011,20110710,switzerland,25-29
"Gomez, Ferran",AND,48,428,456,01:31:09,05:38:58,03:50:38,11:05:59,---,Ironman 140.6,Zurich,Switzerland,Europe,M,2011,20110710,switzerland,25-29
"Hellström, Oscar",DNK,50,431,460,01:34:43,05:49:04,03:38:06,11:06:17,---,Ironman 140.6,Zurich,Switzerland,Europe,M,2011,20110710,switzerland,25-29
"Arenander, Claes",SWE,52,439,469,01:42:47,05:50:35,03:26:56,11:07:35,---,Ironman 140.6,Zurich,Switzerland,Europe,M,2011,20110710,switzerland,25-29
"Garcia, Mark",GIB,53,446,481,01:08:01,05:39:39,04:11:11,11:08:54,---,Ironman 140.6,Zurich,Switzerland,Europe,M,2011,20110710,switzerland,25-29
"Spörri, Manuel",CHE,54,485,524,01:30:01,05:46:22,03:54:00,11:14:41,---,Ironman 140.6,Zurich,Switzerland,Europe,M,2011,20110710,switzerland,25-29
"Zanetti, Lorenzo",ITA,55,498,537,01:07:31,05:38:11,04:25:36,11:16:34,---,Ironman 140.6,Zurich,Switzerland,Europe,M,2011,20110710,switzerland,25-29
"Deneyer, Julien",BEL,56,506,546,00:59:03,05:33:52,04:42:22,11:18:54,---,Ironman 140.6,Zurich,Switzerland,Europe,M,2011,20110710,switzerland,25-29
"Schmidlin, Simon",CHE,58,524,566,01:15:46,06:07:46,03:52:16,11:21:28,---,Ironman 140.6,Zurich,Switzerland,Europe,M,2011,20110710,switzerland,25-29
"Debacquer, Mathias",BEL,60,531,575,01:19:10,05:40:00,04:18:45,11:23:16,---,Ironman 140.6,Zurich,Switzerland,Europe,M,2011,20110710,switzerland,25-29
"Bennett, Alex",GBR,61,542,586,01:09:48,06:10:13,03:59:02,11:24:39,---,Ironman 140.6,Zurich,Switzerland,Europe,M,2011,20110710,switzerland,25-29
"Egly, Csaba",IRL,62,562,609,01:00:43,06:05:06,04:16:19,11:28:30,---,Ironman 140.6,Zurich,Switzerland,Europe,M,2011,20110710,switzerland,25-29
"Deluca, Thomas",GBR,63,578,629,01:00:12,06:31:23,03:54:30,11:32:33,---,Ironman 140.6,Zurich,Switzerland,Europe,M,2011,20110710,switzerland,25-29
"Purcell, Lewis",GBR,64,581,632,01:21:48,06:01:19,04:01:33,11:33:02,---,Ironman 140.6,Zurich,Switzerland,Europe,M,2011,20110710,switzerland,25-29
"Grivas, Antreas",GRC,65,591,643,01:02:42,05:48:49,04:34:33,11:35:03,---,Ironman 140.6,Zurich,Switzerland,Europe,M,2011,20110710,switzerland,25-29
"Guiluz, Albert",ESP,67,602,655,01:19:34,06:09:08,03:59:58,11:37:35,---,Ironman 140.6,Zurich,Switzerland,Europe,M,2011,20110710,switzerland,25-29
"Erlachner, Yannick",CHE,68,604,657,01:15:12,06:06:16,04:08:55,11:37:47,---,Ironman 140.6,Zurich,Switzerland,Europe,M,2011,20110710,switzerland,25-29
"Pemble, Glen",GBR,69,613,667,01:15:14,06:05:50,04:11:20,11:38:37,---,Ironman 140.6,Zurich,Switzerland,Europe,M,2011,20110710,switzerland,25-29
"Fabricius, Andreas",DNK,70,622,676,01:24:49,06:10:04,04:00:46,11:40:14,---,Ironman 140.6,Zurich,Switzerland,Europe,M,2011,20110710,switzerland,25-29
"Carr-Boyd, Peter",AUS,71,624,678,01:11:32,06:00:32,04:15:53,11:40:43,---,Ironman 140.6,Zurich,Switzerland,Europe,M,2011,20110710,switzerland,25-29
"Dauw, Han",CHE,72,632,688,01:13:19,06:41:37,03:44:00,11:41:48,---,Ironman 140.6,Zurich,Switzerland,Europe,M,2011,20110710,switzerland,25-29
"Menken, Tobia",DEU,73,651,709,01:16:18,05:38:55,04:43:13,11:44:35,---,Ironman 140.6,Zurich,Switzerland,Europe,M,2011,20110710,switzerland,25-29
"Franks, Erik",USA,74,655,713,01:15:09,06:00:08,04:25:32,11:45:00,---,Ironman 140.6,Zurich,Switzerland,Europe,M,2011,20110710,switzerland,25-29
"Gorley, David",GBR,75,661,721,00:58:49,06:14:35,04:25:41,11:46:23,---,Ironman 140.6,Zurich,Switzerland,Europe,M,2011,20110710,switzerland,25-29
"Belostotskiy, Slava",RUS,76,662,722,01:24:36,06:17:51,03:58:53,11:46:36,---,Ironman 140.6,Zurich,Switzerland,Europe,M,2011,20110710,switzerland,25-29
"House, Jeremy",AUT,77,686,751,01:04:55,06:07:03,04:31:38,11:49:52,---,Ironman 140.6,Zurich,Switzerland,Europe,M,2011,20110710,switzerland,25-29
"Speer, Adam",IRL,78,689,754,01:07:06,06:13:47,04:24:02,11:50:06,---,Ironman 140.6,Zurich,Switzerland,Europe,M,2011,20110710,switzerland,25-29
"Moral Atela, Zohiartze",ESP,79,713,779,01:10:48,06:05:57,04:33:02,11:53:50,---,Ironman 140.6,Zurich,Switzerland,Europe,M,2011,20110710,switzerland,25-29
"Siebenmann, Christoph",CHE,80,720,788,01:22:04,05:59:49,04:27:36,11:56:04,---,Ironman 140.6,Zurich,Switzerland,Europe,M,2011,20110710,switzerland,25-29
"Cook, Alan",GBR,81,736,806,01:22:17,06:25:27,04:02:05,11:58:12,---,Ironman 140.6,Zurich,Switzerland,Europe,M,2011,20110710,switzerland,25-29
"Siques Llagostera, Marc",ESP,84,759,836,01:02:15,06:21:12,04:33:09,12:02:19,---,Ironman 140.6,Zurich,Switzerland,Europe,M,2011,20110710,switzerland,25-29
"Williams, Gareth",GBR,85,764,841,01:00:18,06:08:32,04:48:43,12:03:05,---,Ironman 140.6,Zurich,Switzerland,Europe,M,2011,20110710,switzerland,25-29
"Flotats, Albert",ESP,87,791,873,01:18:50,06:35:10,04:07:13,12:09:00,---,Ironman 140.6,Zurich,Switzerland,Europe,M,2011,20110710,switzerland,25-29
"Sanchez Bonilla, Enric",ESP,88,797,879,01:28:04,06:39:03,03:57:18,12:09:46,---,Ironman 140.6,Zurich,Switzerland,Europe,M,2011,20110710,switzerland,25-29
"Koch, Christoph",DEU,89,802,884,01:16:59,06:27:13,04:22:19,12:11:03,---,Ironman 140.6,Zurich,Switzerland,Europe,M,2011,20110710,switzerland,25-29
"Reilly, Jonathan",GBR,90,822,908,00:55:56,06:41:36,04:26:27,12:13:49,---,Ironman 140.6,Zurich,Switzerland,Europe,M,2011,20110710,switzerland,25-29
"Sommaruga, Giovanni",ITA,91,825,911,01:09:21,05:52:50,04:57:24,12:13:59,---,Ironman 140.6,Zurich,Switzerland,Europe,M,2011,20110710,switzerland,25-29
"Curda, Tobias",CHE,92,841,929,01:40:24,06:22:50,04:08:31,12:17:09,---,Ironman 140.6,Zurich,Switzerland,Europe,M,2011,20110710,switzerland,25-29
"Lyons, Alan",IRL,93,844,932,01:17:35,05:59:04,04:54:59,12:17:29,---,Ironman 140.6,Zurich,Switzerland,Europe,M,2011,20110710,switzerland,25-29
"Cohen, Niv",ISR,94,846,934,01:16:58,06:09:45,04:45:23,12:17:37,---,Ironman 140.6,Zurich,Switzerland,Europe,M,2011,20110710,switzerland,25-29
"Evans, Darren",GBR,95,881,971,01:10:59,06:13:02,04:49:28,12:23:30,---,Ironman 140.6,Zurich,Switzerland,Europe,M,2011,20110710,switzerland,25-29
"Collato, Bruno",BRA,97,883,976,01:11:05,06:07:46,04:56:23,12:25:06,---,Ironman 140.6,Zurich,Switzerland,Europe,M,2011,20110710,switzerland,25-29
"Bennett, Sam",GBR,98,887,982,01:12:59,06:16:32,04:46:45,12:26:14,---,Ironman 140.6,Zurich,Switzerland,Europe,M,2011,20110710,switzerland,25-29
"French, Adam",GBR,99,906,1006,01:21:38,06:21:43,04:37:48,12:30:45,---,Ironman 140.6,Zurich,Switzerland,Europe,M,2011,20110710,switzerland,25-29
"Vashkevich, Andrei",BLR,101,922,1024,01:03:09,06:34:25,04:37:09,12:33:08,---,Ironman 140.6,Zurich,Switzerland,Europe,M,2011,20110710,switzerland,25-29
"Funke, Patrick",DEU,102,936,1040,01:24:04,06:22:25,04:44:07,12:36:15,---,Ironman 140.6,Zurich,Switzerland,Europe,M,2011,20110710,switzerland,25-29
"Stinson, Will",USA,103,939,1043,01:14:37,06:30:01,04:41:28,12:36:26,---,Ironman 140.6,Zurich,Switzerland,Europe,M,2011,20110710,switzerland,25-29
"Vanwezer, Toon",BEL,104,941,1045,01:15:27,06:14:43,04:57:03,12:36:59,---,Ironman 140.6,Zurich,Switzerland,Europe,M,2011,20110710,switzerland,25-29
"Fitzgerald, Peter",IRL,105,953,1060,01:27:35,06:23:17,04:44:12,12:41:04,---,Ironman 140.6,Zurich,Switzerland,Europe,M,2011,20110710,switzerland,25-29
"Whale, Matthew",GBR,107,999,1111,01:13:13,06:32:04,04:52:00,12:47:30,---,Ironman 140.6,Zurich,Switzerland,Europe,M,2011,20110710,switzerland,25-29
"Meier, Adrian",CHE,108,1002,1116,01:17:56,05:56:06,05:30:09,12:48:23,---,Ironman 140.6,Zurich,Switzerland,Europe,M,2011,20110710,switzerland,25-29
"Lei, David",CHE,109,1003,1117,01:12:21,06:42:57,04:47:24,12:49:02,---,Ironman 140.6,Zurich,Switzerland,Europe,M,2011,20110710,switzerland,25-29
"Nehrke, Markus",DEU,111,1010,1126,01:08:46,06:28:06,05:07:40,12:50:22,---,Ironman 140.6,Zurich,Switzerland,Europe,M,2011,20110710,switzerland,25-29
"Butterfield, James",GBR,112,1014,1130,01:31:02,06:23:32,04:47:15,12:51:39,---,Ironman 140.6,Zurich,Switzerland,Europe,M,2011,20110710,switzerland,25-29
"Hink, Wolfgang",---,113,1040,1161,01:25:07,06:01:53,05:25:33,12:57:46,---,Ironman 140.6,Zurich,Switzerland,Europe,M,2011,20110710,switzerland,25-29
"Mathez, Olivier",CHE,114,1045,1167,01:15:14,06:13:03,05:21:35,12:59:51,---,Ironman 140.6,Zurich,Switzerland,Europe,M,2011,20110710,switzerland,25-29
"Colchen, Benjamin",FRA,115,1049,1171,01:01:39,07:09:48,04:33:58,13:00:00,---,Ironman 140.6,Zurich,Switzerland,Europe,M,2011,20110710,switzerland,25-29
"Hiestand, Steve",CHE,116,1065,1189,01:27:56,07:02:12,04:29:28,13:05:44,---,Ironman 140.6,Zurich,Switzerland,Europe,M,2011,20110710,switzerland,25-29
"Lowry, Nic",GBR,117,1069,1195,01:12:42,06:54:33,04:50:17,13:07:10,---,Ironman 140.6,Zurich,Switzerland,Europe,M,2011,20110710,switzerland,25-29
"Rylah, Osgar",GBR,118,1071,1197,01:18:42,06:29:34,05:09:42,13:07:21,---,Ironman 140.6,Zurich,Switzerland,Europe,M,2011,20110710,switzerland,25-29
"Brennard, Josh",USA,119,1082,1209,01:15:01,06:38:46,05:01:33,13:09:05,---,Ironman 140.6,Zurich,Switzerland,Europe,M,2011,20110710,switzerland,25-29
"Santos, Ivo",DEU,120,1091,1220,01:24:27,06:22:39,05:21:00,13:12:14,---,Ironman 140.6,Zurich,Switzerland,Europe,M,2011,20110710,switzerland,25-29
"Tschanz, Lukas",CHE,121,1105,1238,01:22:17,06:07:10,05:39:17,13:18:12,---,Ironman 140.6,Zurich,Switzerland,Europe,M,2011,20110710,switzerland,25-29
"Doleschal, Tomas",CZE,122,1129,1264,01:14:53,06:17:34,05:46:26,13:24:22,---,Ironman 140.6,Zurich,Switzerland,Europe,M,2011,20110710,switzerland,25-29
"Spinks, Alex",GBR,123,1139,1274,01:25:38,06:44:08,05:07:33,13:26:51,---,Ironman 140.6,Zurich,Switzerland,Europe,M,2011,20110710,switzerland,25-29
"Melton, Ben",GBR,125,1152,1291,01:16:57,07:14:54,04:42:33,13:30:50,---,Ironman 140.6,Zurich,Switzerland,Europe,M,2011,20110710,switzerland,25-29
"Longworth, Nicholas",GBR,126,1174,1316,01:40:44,06:47:14,04:59:07,13:36:38,---,Ironman 140.6,Zurich,Switzerland,Europe,M,2011,20110710,switzerland,25-29
"Cristofoli, James",GBR,127,1183,1327,01:18:31,07:02:50,05:11:50,13:39:13,---,Ironman 140.6,Zurich,Switzerland,Europe,M,2011,20110710,switzerland,25-29
"Baez, Juan",ESP,128,1188,1334,01:35:37,06:57:33,04:56:55,13:40:21,---,Ironman 140.6,Zurich,Switzerland,Europe,M,2011,20110710,switzerland,25-29
"Nieter, David",DEU,130,1204,1357,01:16:47,07:13:27,05:07:03,13:45:33,---,Ironman 140.6,Zurich,Switzerland,Europe,M,2011,20110710,switzerland,25-29
"Going, James",USA,131,1208,1363,01:09:40,07:41:37,04:49:15,13:46:40,---,Ironman 140.6,Zurich,Switzerland,Europe,M,2011,20110710,switzerland,25-29
"Barbibai, Shay",ISR,132,1222,1378,01:31:06,07:22:36,04:46:55,13:51:15,---,Ironman 140.6,Zurich,Switzerland,Europe,M,2011,20110710,switzerland,25-29
"Mirzai, Rotem",ISR,135,1270,1436,01:42:07,07:55:04,04:23:03,14:12:45,---,Ironman 140.6,Zurich,Switzerland,Europe,M,2011,20110710,switzerland,25-29
"Green, Robert",GBR,137,1309,1487,01:23:20,07:11:17,05:49:57,14:33:13,---,Ironman 140.6,Zurich,Switzerland,Europe,M,2011,20110710,switzerland,25-29
"Adamsen, Henrik",DNK,138,1311,1489,01:37:44,07:40:12,05:04:55,14:35:21,---,Ironman 140.6,Zurich,Switzerland,Europe,M,2011,20110710,switzerland,25-29
"Gasser, Michael",USA,139,1320,1500,01:33:15,07:06:34,05:55:34,14:41:48,---,Ironman 140.6,Zurich,Switzerland,Europe,M,2011,20110710,switzerland,25-29
"Solvang, Glenn",NOR,140,1331,1514,01:27:06,07:39:13,05:27:15,14:50:36,---,Ironman 140.6,Zurich,Switzerland,Europe,M,2011,20110710,switzerland,25-29
"Hann, Barry",GBR,141,1371,1562,01:56:18,07:35:59,13:29:08,15:25:26,---,Ironman 140.6,Zurich,Switzerland,Europe,M,2011,20110710,switzerland,25-29
"Czwojdrak, Lukasz",GBR,142,1374,1566,01:19:53,08:02:04,05:47:36,15:27:51,---,Ironman 140.6,Zurich,Switzerland,Europe,M,2011,20110710,switzerland,25-29
"Klabin, David",BRA,143,1384,1578,01:20:35,06:33:48,07:33:09,15:34:27,---,Ironman 140.6,Zurich,Switzerland,Europe,M,2011,20110710,switzerland,25-29
"Almukhaizeem, Sulaiman Khalid",KWT,---,---,---,---,---,---,DNS,---,Ironman 140.6,Zurich,Switzerland,Europe,M,2011,20110710,switzerland,25-29
"Canavan, Ryan",AUS,---,---,---,---,---,---,DNS,---,Ironman 140.6,Zurich,Switzerland,Europe,M,2011,20110710,switzerland,25-29
"Della Giacoma, Luca",---,---,---,---,---,---,---,DNS,---,Ironman 140.6,Zurich,Switzerland,Europe,M,2011,20110710,switzerland,25-29
"Dias Souza Girao, Vitor",BRA,---,---,---,01:05:13,---,---,DNF,---,Ironman 140.6,Zurich,Switzerland,Europe,M,2011,20110710,switzerland,25-29
"Fogarty, Brian",GBR,---,---,---,01:13:39,06:06:57,03:44:39,DNF,---,Ironman 140.6,Zurich,Switzerland,Europe,M,2011,20110710,switzerland,25-29
"Gutknecht, Matias",USA,---,---,---,---,---,---,DNS,---,Ironman 140.6,Zurich,Switzerland,Europe,M,2011,20110710,switzerland,25-29
"Landolt, Stefan",CHE,---,---,---,---,---,---,DNS,---,Ironman 140.6,Zurich,Switzerland,Europe,M,2011,20110710,switzerland,25-29
"Logan, Jonny",GBR,---,---,---,---,---,---,DNS,---,Ironman 140.6,Zurich,Switzerland,Europe,M,2011,20110710,switzerland,25-29
"Primozic, Jure",SVN,---,---,---,---,---,---,DNS,---,Ironman 140.6,Zurich,Switzerland,Europe,M,2011,20110710,switzerland,25-29
"Remmy, Kevin",DEU,---,---,---,---,---,---,DNS,---,Ironman 140.6,Zurich,Switzerland,Europe,M,2011,20110710,switzerland,25-29
"Roggen, Markus",CHE,---,---,---,---,---,---,DNS,---,Ironman 140.6,Zurich,Switzerland,Europe,M,2011,20110710,switzerland,25-29
"Ruiz, Ivan",ESP,---,---,---,01:24:52,08:03:03,---,DNF,---,Ironman 140.6,Zurich,Switzerland,Europe,M,2011,20110710,switzerland,25-29
"Shaw, Alex",GBR,---,---,---,---,---,---,DNS,---,Ironman 140.6,Zurich,Switzerland,Europe,M,2011,20110710,switzerland,25-29
"Stanley, Edward",GBR,---,---,---,---,---,---,DNS,---,Ironman 140.6,Zurich,Switzerland,Europe,M,2011,20110710,switzerland,25-29
"Tot, Aleksandar",CHE,---,---,---,---,---,---,DNS,---,Ironman 140.6,Zurich,Switzerland,Europe,M,2011,20110710,switzerland,25-29
"Wiederkehr, Thomas",CHE,---,---,---,---,---,---,DNS,---,Ironman 140.6,Zurich,Switzerland,Europe,M,2011,20110710,switzerland,25-29
"Wyss, Daniel",CHE,---,---,---,---,---,---,DNS,---,Ironman 140.6,Zurich,Switzerland,Europe,M,2011,20110710,switzerland,25-29
"Sluckis, Rinalds",LVA,1,12,13,01:03:19,04:56:24,03:08:39,09:10:52,---,Ironman 140.6,Zurich,Switzerland,Europe,M,2011,20110710,switzerland,30-34
"Pletschette, Carlo",LUX,2,13,15,00:58:48,05:00:07,03:08:57,09:12:08,---,Ironman 140.6,Zurich,Switzerland,Europe,M,2011,20110710,switzerland,30-34
"Norberg, Olof",SWE,3,17,19,01:01:12,05:03:51,03:07:50,09:15:57,---,Ironman 140.6,Zurich,Switzerland,Europe,M,2011,20110710,switzerland,30-34
"Mannweiler, Daniel",DEU,4,19,21,01:02:12,05:04:07,03:11:05,09:19:30,---,Ironman 140.6,Zurich,Switzerland,Europe,M,2011,20110710,switzerland,30-34
"Eagan, Joseph",USA,5,25,27,00:58:35,05:12:47,03:09:13,09:24:07,---,Ironman 140.6,Zurich,Switzerland,Europe,M,2011,20110710,switzerland,30-34
"Vekemans, Glenn",BEL,6,31,33,01:07:54,05:04:27,03:14:05,09:29:03,---,Ironman 140.6,Zurich,Switzerland,Europe,M,2011,20110710,switzerland,30-34
"Goodfellow, Chris",GBR,7,34,36,00:58:20,05:05:32,03:25:06,09:33:00,---,Ironman 140.6,Zurich,Switzerland,Europe,M,2011,20110710,switzerland,30-34
"Montag, Daniel",CHE,8,35,37,01:03:03,05:13:38,03:13:25,09:33:21,---,Ironman 140.6,Zurich,Switzerland,Europe,M,2011,20110710,switzerland,30-34
"Brown, James",GBR,9,42,45,01:12:13,05:09:39,03:12:12,09:37:00,---,Ironman 140.6,Zurich,Switzerland,Europe,M,2011,20110710,switzerland,30-34
"Manchon, Richard",FRA,10,54,58,01:03:26,05:04:00,03:32:00,09:42:38,---,Ironman 140.6,Zurich,Switzerland,Europe,M,2011,20110710,switzerland,30-34
"Goldinger, Markus",CHE,11,55,59,01:05:18,05:14:48,03:19:59,09:42:56,---,Ironman 140.6,Zurich,Switzerland,Europe,M,2011,20110710,switzerland,30-34
"Welti, Martin",CHE,12,65,69,01:02:09,05:04:35,03:37:35,09:46:40,---,Ironman 140.6,Zurich,Switzerland,Europe,M,2011,20110710,switzerland,30-34
"Burkhardt, Andreas",AUT,13,76,80,01:18:07,05:06:54,03:22:51,09:50:46,---,Ironman 140.6,Zurich,Switzerland,Europe,M,2011,20110710,switzerland,30-34
"Leitão, Rafael",BRA,14,82,86,01:07:58,05:10:04,03:30:28,09:52:07,---,Ironman 140.6,Zurich,Switzerland,Europe,M,2011,20110710,switzerland,30-34
"Maurer, Dominic",CHE,15,83,87,01:04:15,05:11:40,03:32:40,09:53:04,---,Ironman 140.6,Zurich,Switzerland,Europe,M,2011,20110710,switzerland,30-34
"Duhalde, Thomas",FRA,16,94,98,01:07:48,05:09:37,03:37:55,09:57:36,---,Ironman 140.6,Zurich,Switzerland,Europe,M,2011,20110710,switzerland,30-34
"Sutton, Warren",USA,17,96,100,01:03:06,05:14:11,03:36:50,09:57:45,---,Ironman 140.6,Zurich,Switzerland,Europe,M,2011,20110710,switzerland,30-34
"Leuthold, Bernhard",CHE,18,97,101,01:09:27,05:15:26,03:28:59,09:57:49,---,Ironman 140.6,Zurich,Switzerland,Europe,M,2011,20110710,switzerland,30-34
"Meier, Daniel",CHE,19,98,102,01:12:20,05:24:34,03:17:11,09:58:01,---,Ironman 140.6,Zurich,Switzerland,Europe,M,2011,20110710,switzerland,30-34
"Mishchenko, Oleksiy",CHE,20,99,103,01:09:41,05:12:57,03:32:54,09:58:04,---,Ironman 140.6,Zurich,Switzerland,Europe,M,2011,20110710,switzerland,30-34
"Lemesev, Pavel",RUS,21,113,117,00:55:42,05:33:23,03:28:21,10:02:23,---,Ironman 140.6,Zurich,Switzerland,Europe,M,2011,20110710,switzerland,30-34
"Vanheyste, Gerben",BEL,22,114,118,00:58:59,05:14:51,03:45:09,10:02:33,---,Ironman 140.6,Zurich,Switzerland,Europe,M,2011,20110710,switzerland,30-34
"Schmid, Sandro",CHE,23,120,124,01:03:20,05:20:30,03:35:51,10:03:44,---,Ironman 140.6,Zurich,Switzerland,Europe,M,2011,20110710,switzerland,30-34
"Libaud, Romain",FRA,24,122,126,01:15:29,05:15:29,03:29:46,10:04:25,---,Ironman 140.6,Zurich,Switzerland,Europe,M,2011,20110710,switzerland,30-34
"Huotarinen, Antti",FIN,25,128,132,01:05:27,05:26:11,03:32:59,10:08:13,---,Ironman 140.6,Zurich,Switzerland,Europe,M,2011,20110710,switzerland,30-34
"Künzel, Thomas",DEU,26,133,138,01:08:06,05:10:28,03:47:14,10:09:02,---,Ironman 140.6,Zurich,Switzerland,Europe,M,2011,20110710,switzerland,30-34
"Haider, Thomas",CHE,27,141,147,01:02:25,05:12:55,03:50:46,10:10:25,---,Ironman 140.6,Zurich,Switzerland,Europe,M,2011,20110710,switzerland,30-34
"Peter, Felix",CHE,28,144,150,01:01:40,05:09:27,03:55:52,10:11:20,---,Ironman 140.6,Zurich,Switzerland,Europe,M,2011,20110710,switzerland,30-34
"Almendro Enrique, Ruben",ESP,29,155,163,01:11:29,05:36:59,03:21:54,10:14:36,---,Ironman 140.6,Zurich,Switzerland,Europe,M,2011,20110710,switzerland,30-34
"Alvarez Viña, Javier",ESP,30,169,179,01:03:32,05:27:58,03:44:07,10:19:36,---,Ironman 140.6,Zurich,Switzerland,Europe,M,2011,20110710,switzerland,30-34
"Salvador, Roger",ESP,31,175,185,01:12:10,05:31:25,03:33:39,10:21:27,---,Ironman 140.6,Zurich,Switzerland,Europe,M,2011,20110710,switzerland,30-34
"Mettler, Thomas",CHE,32,178,188,01:06:54,05:26:42,03:44:28,10:21:41,---,Ironman 140.6,Zurich,Switzerland,Europe,M,2011,20110710,switzerland,30-34
"Littlewood, John",GBR,33,179,189,01:08:38,05:34:57,03:31:32,10:21:46,---,Ironman 140.6,Zurich,Switzerland,Europe,M,2011,20110710,switzerland,30-34
"Aceti, Davide",ITA,36,186,198,01:12:28,05:47:36,03:18:02,10:23:21,---,Ironman 140.6,Zurich,Switzerland,Europe,M,2011,20110710,switzerland,30-34
"Thompson, Fraser",GBR,37,188,200,01:11:54,06:06:21,02:59:34,10:23:25,---,Ironman 140.6,Zurich,Switzerland,Europe,M,2011,20110710,switzerland,30-34
"Becher, Stefan",DEU,38,190,202,01:14:12,05:21:14,03:43:34,10:23:41,---,Ironman 140.6,Zurich,Switzerland,Europe,M,2011,20110710,switzerland,30-34
"Lindner, Fabian",DEU,39,193,205,01:09:03,05:28:41,03:42:36,10:24:07,---,Ironman 140.6,Zurich,Switzerland,Europe,M,2011,20110710,switzerland,30-34
"Fontan, Nicolas",FRA,40,194,206,01:06:26,05:33:28,03:38:57,10:24:09,---,Ironman 140.6,Zurich,Switzerland,Europe,M,2011,20110710,switzerland,30-34
"Entrena, Cesc",ESP,41,197,209,01:10:54,05:38:03,03:30:57,10:24:43,---,Ironman 140.6,Zurich,Switzerland,Europe,M,2011,20110710,switzerland,30-34
"Ward, Paul",GBR,42,200,212,01:09:34,05:18:51,03:51:29,10:25:39,---,Ironman 140.6,Zurich,Switzerland,Europe,M,2011,20110710,switzerland,30-34
"O'Loughlin, Tomas",GBR,43,211,223,01:16:33,05:23:57,03:41:42,10:27:02,---,Ironman 140.6,Zurich,Switzerland,Europe,M,2011,20110710,switzerland,30-34
"Carracher, Andrew",AUS,44,214,226,01:17:00,05:34:08,03:31:53,10:27:22,---,Ironman 140.6,Zurich,Switzerland,Europe,M,2011,20110710,switzerland,30-34
"Trenkler, Matthias",CHE,45,218,231,01:09:42,05:37:12,03:36:51,10:28:03,---,Ironman 140.6,Zurich,Switzerland,Europe,M,2011,20110710,switzerland,30-34
"Herzog, Steffen",DEU,46,219,232,01:10:59,05:46:53,03:27:35,10:28:10,---,Ironman 140.6,Zurich,Switzerland,Europe,M,2011,20110710,switzerland,30-34
"Ebert, Martin",DEU,47,225,238,01:17:10,05:37:51,03:30:08,10:29:12,---,Ironman 140.6,Zurich,Switzerland,Europe,M,2011,20110710,switzerland,30-34
"Rasmussen, Anders",DNK,48,245,258,00:57:22,05:37:12,03:52:27,10:31:30,---,Ironman 140.6,Zurich,Switzerland,Europe,M,2011,20110710,switzerland,30-34
"Cleiton, Abilio",BRA,49,251,264,01:00:04,05:23:31,04:04:21,10:32:15,---,Ironman 140.6,Zurich,Switzerland,Europe,M,2011,20110710,switzerland,30-34
"Jordan, Chris",GBR,50,268,281,01:21:47,05:47:39,03:17:56,10:35:43,---,Ironman 140.6,Zurich,Switzerland,Europe,M,2011,20110710,switzerland,30-34
"Heath, Johan",CYM,51,273,286,00:59:11,05:38:54,03:52:20,10:36:14,---,Ironman 140.6,Zurich,Switzerland,Europe,M,2011,20110710,switzerland,30-34
"Lopez, Oscar",CHE,52,275,288,01:12:21,05:40:57,03:39:46,10:36:49,---,Ironman 140.6,Zurich,Switzerland,Europe,M,2011,20110710,switzerland,30-34
"Serrano Torres, Francisco",---,53,279,292,01:03:10,05:45:53,03:43:54,10:37:57,---,Ironman 140.6,Zurich,Switzerland,Europe,M,2011,20110710,switzerland,30-34
"Sullivan, James",GBR,54,280,293,01:21:29,05:48:47,03:24:47,10:38:03,---,Ironman 140.6,Zurich,Switzerland,Europe,M,2011,20110710,switzerland,30-34
"Noble, Steven",GBR,55,285,298,01:17:45,05:33:47,03:37:23,10:38:27,---,Ironman 140.6,Zurich,Switzerland,Europe,M,2011,20110710,switzerland,30-34
"Scotter, John",NZL,56,289,303,01:18:40,05:30:06,03:46:14,10:39:33,---,Ironman 140.6,Zurich,Switzerland,Europe,M,2011,20110710,switzerland,30-34
"Halpenny, Darragh",IRL,57,290,304,01:02:23,05:49:05,03:38:06,10:39:34,---,Ironman 140.6,Zurich,Switzerland,Europe,M,2011,20110710,switzerland,30-34
"Schmucki, Roman",CHE,59,305,320,01:06:39,05:33:48,03:53:30,10:42:38,---,Ironman 140.6,Zurich,Switzerland,Europe,M,2011,20110710,switzerland,30-34
"Freitas, Tiago",PRT,60,307,322,01:16:36,05:41:34,03:38:34,10:42:53,---,Ironman 140.6,Zurich,Switzerland,Europe,M,2011,20110710,switzerland,30-34
"Callegari, Masssimo",ITA,61,308,323,01:07:53,05:35:21,03:56:15,10:43:27,---,Ironman 140.6,Zurich,Switzerland,Europe,M,2011,20110710,switzerland,30-34
"Graf, Wolfgang",AUT,63,325,341,01:06:11,05:44:49,03:52:26,10:46:30,---,Ironman 140.6,Zurich,Switzerland,Europe,M,2011,20110710,switzerland,30-34
"Fernandez, Victor",ESP,65,331,348,01:02:46,05:54:08,03:45:58,10:47:25,---,Ironman 140.6,Zurich,Switzerland,Europe,M,2011,20110710,switzerland,30-34
"Rago, Peter",HUN,67,334,352,01:12:27,05:46:37,03:43:15,10:48:32,---,Ironman 140.6,Zurich,Switzerland,Europe,M,2011,20110710,switzerland,30-34
"Deak, David",NLD,69,339,359,01:12:15,05:25:52,04:07:40,10:50:02,---,Ironman 140.6,Zurich,Switzerland,Europe,M,2011,20110710,switzerland,30-34
"Blanzan, Anton",CHE,70,344,364,01:15:38,05:32:33,03:54:05,10:50:29,---,Ironman 140.6,Zurich,Switzerland,Europe,M,2011,20110710,switzerland,30-34
"Guarino, Marco",CHE,71,346,366,01:15:42,05:24:42,04:04:48,10:51:09,---,Ironman 140.6,Zurich,Switzerland,Europe,M,2011,20110710,switzerland,30-34
"Pedro, Amo Gonzalez",ESP,72,349,370,01:12:42,05:36:27,03:57:40,10:52:09,---,Ironman 140.6,Zurich,Switzerland,Europe,M,2011,20110710,switzerland,30-34
"Foster, Marc",GBR,73,354,375,01:06:26,05:57:04,03:43:46,10:52:42,---,Ironman 140.6,Zurich,Switzerland,Europe,M,2011,20110710,switzerland,30-34
"Nova, Mitchell",GBR,74,358,379,01:15:00,05:49:59,03:41:10,10:53:15,---,Ironman 140.6,Zurich,Switzerland,Europe,M,2011,20110710,switzerland,30-34
"Vorster, Rowan",CHE,75,361,382,01:01:58,05:23:24,04:25:14,10:54:03,---,Ironman 140.6,Zurich,Switzerland,Europe,M,2011,20110710,switzerland,30-34
"Huber, Markus",AUT,76,364,386,01:16:14,05:40:40,03:52:26,10:54:31,---,Ironman 140.6,Zurich,Switzerland,Europe,M,2011,20110710,switzerland,30-34
"Grillo, Reno",ITA,78,368,392,01:06:54,05:49:52,03:54:30,10:55:12,---,Ironman 140.6,Zurich,Switzerland,Europe,M,2011,20110710,switzerland,30-34
"Escalada, Juan",NOR,80,373,398,01:16:50,05:42:16,03:51:06,10:55:50,---,Ironman 140.6,Zurich,Switzerland,Europe,M,2011,20110710,switzerland,30-34
"Moises, Daniel",ESP,81,378,403,01:05:26,06:05:28,03:38:09,10:56:30,---,Ironman 140.6,Zurich,Switzerland,Europe,M,2011,20110710,switzerland,30-34
"Ugarte, Oskar",ESP,82,381,406,01:08:39,05:54:07,03:48:42,10:56:47,---,Ironman 140.6,Zurich,Switzerland,Europe,M,2011,20110710,switzerland,30-34
"Cotter, Guy",GBR,83,384,409,01:15:54,06:00:34,03:35:42,10:57:39,---,Ironman 140.6,Zurich,Switzerland,Europe,M,2011,20110710,switzerland,30-34
"Leach, Jeremy",AUS,84,391,416,01:20:09,05:41:18,03:52:45,10:59:01,---,Ironman 140.6,Zurich,Switzerland,Europe,M,2011,20110710,switzerland,30-34
"Halden, Gunnar",DEU,85,398,423,01:15:31,05:36:49,04:02:36,10:59:57,---,Ironman 140.6,Zurich,Switzerland,Europe,M,2011,20110710,switzerland,30-34
"Coderch, Ricard",ESP,86,399,424,01:02:39,05:50:58,04:01:49,11:00:24,---,Ironman 140.6,Zurich,Switzerland,Europe,M,2011,20110710,switzerland,30-34
"Redshaw, Michael",GBR,90,455,493,00:59:17,05:57:49,04:04:11,11:10:33,---,Ironman 140.6,Zurich,Switzerland,Europe,M,2011,20110710,switzerland,30-34
"Devaux, Xavier",FRA,91,466,504,01:05:15,05:34:58,04:28:16,11:11:35,---,Ironman 140.6,Zurich,Switzerland,Europe,M,2011,20110710,switzerland,30-34
"Lacorcia, Stefano",ITA,92,467,505,01:27:51,05:52:34,03:43:27,11:11:37,---,Ironman 140.6,Zurich,Switzerland,Europe,M,2011,20110710,switzerland,30-34
"Van Den Berg, Sebastiaan",NLD,93,468,506,01:02:00,05:44:52,04:21:33,11:11:45,---,Ironman 140.6,Zurich,Switzerland,Europe,M,2011,20110710,switzerland,30-34
"Bendiksby, Axel",NOR,94,471,509,01:08:13,05:49:50,04:09:06,11:12:27,---,Ironman 140.6,Zurich,Switzerland,Europe,M,2011,20110710,switzerland,30-34
"Boscher, Nicolas",FRA,95,473,511,01:24:34,05:52:06,03:49:20,11:12:41,---,Ironman 140.6,Zurich,Switzerland,Europe,M,2011,20110710,switzerland,30-34
"Blackwell, Jimmy Robert",GBR,96,477,515,01:02:13,05:47:00,04:19:29,11:13:21,---,Ironman 140.6,Zurich,Switzerland,Europe,M,2011,20110710,switzerland,30-34
"Taylor, Leo",GBR,97,480,518,01:16:14,06:13:10,03:35:42,11:14:00,---,Ironman 140.6,Zurich,Switzerland,Europe,M,2011,20110710,switzerland,30-34
"Wingham, Christopher",GBR,98,484,522,01:13:40,06:16:50,03:38:58,11:14:09,---,Ironman 140.6,Zurich,Switzerland,Europe,M,2011,20110710,switzerland,30-34
"Crampton, Mark",CHE,101,504,544,01:20:22,06:00:09,03:53:06,11:18:19,---,Ironman 140.6,Zurich,Switzerland,Europe,M,2011,20110710,switzerland,30-34
"Rossing, Michael",CHE,102,509,549,01:09:53,05:38:23,04:22:12,11:19:10,---,Ironman 140.6,Zurich,Switzerland,Europe,M,2011,20110710,switzerland,30-34
"Jong-A-Pin, Richard",NLD,103,513,553,01:15:36,05:54:11,04:01:26,11:19:36,---,Ironman 140.6,Zurich,Switzerland,Europe,M,2011,20110710,switzerland,30-34
"Fontanive, Christian",CHE,104,514,554,01:31:45,05:32:22,04:12:39,11:19:38,---,Ironman 140.6,Zurich,Switzerland,Europe,M,2011,20110710,switzerland,30-34
"Thornber, Ben",GBR,105,520,561,01:03:08,05:55:55,04:15:10,11:20:02,---,Ironman 140.6,Zurich,Switzerland,Europe,M,2011,20110710,switzerland,30-34
"Lachor, Kris",GBR,106,521,562,01:07:05,05:54:34,04:09:55,11:20:07,---,Ironman 140.6,Zurich,Switzerland,Europe,M,2011,20110710,switzerland,30-34
"Kossenas, Ioannis",GRC,107,522,564,01:01:38,06:06:26,04:08:51,11:20:46,---,Ironman 140.6,Zurich,Switzerland,Europe,M,2011,20110710,switzerland,30-34
"Schmutz, Dominik",CHE,108,527,569,01:13:35,05:52:29,04:11:17,11:22:08,---,Ironman 140.6,Zurich,Switzerland,Europe,M,2011,20110710,switzerland,30-34
"Buehren, Niklas",DEU,109,528,570,01:09:29,05:50:59,04:11:44,11:22:17,---,Ironman 140.6,Zurich,Switzerland,Europe,M,2011,20110710,switzerland,30-34
"Camisasca, Stefano",ITA,111,532,576,01:22:25,05:48:06,04:05:04,11:23:19,---,Ironman 140.6,Zurich,Switzerland,Europe,M,2011,20110710,switzerland,30-34
"Have, Morten",DNK,112,535,579,01:16:55,05:47:01,04:14:34,11:23:52,---,Ironman 140.6,Zurich,Switzerland,Europe,M,2011,20110710,switzerland,30-34
"Dos Santos Carvalho, Pedro Joel",PRT,113,557,601,01:08:11,06:37:24,03:37:24,11:27:34,---,Ironman 140.6,Zurich,Switzerland,Europe,M,2011,20110710,switzerland,30-34
"Badia, Javier",ESP,114,560,607,01:12:44,06:16:06,03:49:45,11:28:22,---,Ironman 140.6,Zurich,Switzerland,Europe,M,2011,20110710,switzerland,30-34
"Perry, Tom",GBR,115,567,615,01:33:06,05:59:04,03:48:05,11:29:35,---,Ironman 140.6,Zurich,Switzerland,Europe,M,2011,20110710,switzerland,30-34
"Thiry, Jérôme",BEL,116,574,625,01:19:44,06:13:31,03:49:25,11:32:00,---,Ironman 140.6,Zurich,Switzerland,Europe,M,2011,20110710,switzerland,30-34
"Humbert, Florent",FRA,117,575,626,01:22:05,06:00:16,03:49:42,11:32:16,---,Ironman 140.6,Zurich,Switzerland,Europe,M,2011,20110710,switzerland,30-34
"Heathcote, Alastair",GBR,118,582,633,01:15:30,06:15:48,03:53:27,11:33:08,---,Ironman 140.6,Zurich,Switzerland,Europe,M,2011,20110710,switzerland,30-34
"Hedbaut, Cyril",CHE,120,587,639,01:18:48,06:16:19,03:52:07,11:34:11,---,Ironman 140.6,Zurich,Switzerland,Europe,M,2011,20110710,switzerland,30-34
"Chatelin, Gilles",AUS,121,598,650,01:07:39,06:05:02,04:18:57,11:36:31,---,Ironman 140.6,Zurich,Switzerland,Europe,M,2011,20110710,switzerland,30-34
"Martinjak, Tomi",SVN,122,603,656,01:22:19,06:08:51,03:59:56,11:37:39,---,Ironman 140.6,Zurich,Switzerland,Europe,M,2011,20110710,switzerland,30-34
"Pürro, Cédric",CHE,123,608,662,01:13:27,06:21:30,03:57:38,11:38:24,---,Ironman 140.6,Zurich,Switzerland,Europe,M,2011,20110710,switzerland,30-34
"Hübsch, Eric",LUX,124,610,664,01:22:56,06:03:53,04:06:44,11:38:33,---,Ironman 140.6,Zurich,Switzerland,Europe,M,2011,20110710,switzerland,30-34
"Royer, Stephane",FRA,125,617,671,00:55:04,05:55:12,04:43:16,11:39:40,---,Ironman 140.6,Zurich,Switzerland,Europe,M,2011,20110710,switzerland,30-34
"Michel, Søren",CHE,126,627,681,01:27:54,06:11:28,03:54:57,11:41:06,---,Ironman 140.6,Zurich,Switzerland,Europe,M,2011,20110710,switzerland,30-34
"Gamez Salvado, Ignasi",ESP,127,630,684,01:13:31,06:07:21,04:14:46,11:41:18,---,Ironman 140.6,Zurich,Switzerland,Europe,M,2011,20110710,switzerland,30-34
"Blohm, Arturo",DEU,128,634,690,01:16:39,05:43:40,04:27:58,11:42:14,---,Ironman 140.6,Zurich,Switzerland,Europe,M,2011,20110710,switzerland,30-34
"Bray, Richard",GBR,129,636,692,01:05:18,06:27:58,04:03:57,11:42:36,---,Ironman 140.6,Zurich,Switzerland,Europe,M,2011,20110710,switzerland,30-34
"Gerber, Thomas",DEU,130,637,693,01:31:57,06:13:29,03:52:20,11:42:40,---,Ironman 140.6,Zurich,Switzerland,Europe,M,2011,20110710,switzerland,30-34
"Mauri, Diego",ITA,131,649,705,01:11:11,06:33:47,03:53:04,11:44:19,---,Ironman 140.6,Zurich,Switzerland,Europe,M,2011,20110710,switzerland,30-34
"Mcnamara, Joe",AUS,133,656,714,01:08:21,05:59:29,04:31:31,11:45:10,---,Ironman 140.6,Zurich,Switzerland,Europe,M,2011,20110710,switzerland,30-34
"Dulac, Fabrice Fabrice",FRA,136,671,732,01:25:11,05:52:13,04:24:03,11:47:37,---,Ironman 140.6,Zurich,Switzerland,Europe,M,2011,20110710,switzerland,30-34
"Müller, Daniel",DEU,138,694,759,01:14:51,06:23:55,04:03:33,11:50:42,---,Ironman 140.6,Zurich,Switzerland,Europe,M,2011,20110710,switzerland,30-34
"Lehmann, Thomas",DEU,139,695,760,01:24:00,06:02:47,04:17:47,11:51:04,---,Ironman 140.6,Zurich,Switzerland,Europe,M,2011,20110710,switzerland,30-34
"Brockhoff, Nicolas",FRA,141,696,762,01:16:20,06:34:27,03:46:39,11:51:13,---,Ironman 140.6,Zurich,Switzerland,Europe,M,2011,20110710,switzerland,30-34
"Walker, Phil",GBR,142,700,766,01:05:15,05:48:01,04:50:06,11:51:36,---,Ironman 140.6,Zurich,Switzerland,Europe,M,2011,20110710,switzerland,30-34
"Brown, Paul",GBR,143,714,780,01:09:27,06:43:48,03:53:29,11:53:53,---,Ironman 140.6,Zurich,Switzerland,Europe,M,2011,20110710,switzerland,30-34
"Lindsay, Christopher",GBR,144,721,789,01:12:43,06:22:32,04:14:07,11:56:16,---,Ironman 140.6,Zurich,Switzerland,Europe,M,2011,20110710,switzerland,30-34
"Lonergan, Evan",IRL,146,729,799,01:23:57,06:23:15,04:00:05,11:57:25,---,Ironman 140.6,Zurich,Switzerland,Europe,M,2011,20110710,switzerland,30-34
"Beermann, Stefan",CHE,147,740,810,01:15:03,06:21:57,04:12:36,11:58:39,---,Ironman 140.6,Zurich,Switzerland,Europe,M,2011,20110710,switzerland,30-34
"Noirot, Antoine",FRA,148,742,814,01:28:15,05:57:04,04:24:28,11:59:03,---,Ironman 140.6,Zurich,Switzerland,Europe,M,2011,20110710,switzerland,30-34
"Machata, Jacek",POL,149,743,815,01:17:59,06:14:44,04:19:43,11:59:12,---,Ironman 140.6,Zurich,Switzerland,Europe,M,2011,20110710,switzerland,30-34
"Barnett, Sam",GBR,150,754,830,01:14:48,06:15:06,04:22:02,12:00:14,---,Ironman 140.6,Zurich,Switzerland,Europe,M,2011,20110710,switzerland,30-34
"Lev, Zur",ISR,151,765,843,01:18:20,06:35:39,04:03:47,12:03:12,---,Ironman 140.6,Zurich,Switzerland,Europe,M,2011,20110710,switzerland,30-34
"Greenaway, James",GBR,152,772,851,01:17:12,06:27:20,04:15:09,12:04:29,---,Ironman 140.6,Zurich,Switzerland,Europe,M,2011,20110710,switzerland,30-34
"Krüger, Jens",DEU,153,774,853,01:19:00,06:12:39,04:25:57,12:05:02,---,Ironman 140.6,Zurich,Switzerland,Europe,M,2011,20110710,switzerland,30-34
"Fertl, Stefan",CHE,154,784,864,01:26:22,06:07:27,04:24:32,12:07:11,---,Ironman 140.6,Zurich,Switzerland,Europe,M,2011,20110710,switzerland,30-34
"Biolley, Ludo",CHE,155,786,866,01:17:04,06:08:48,04:32:47,12:07:15,---,Ironman 140.6,Zurich,Switzerland,Europe,M,2011,20110710,switzerland,30-34
"Mittelholcz, Bã©la",CHE,156,793,875,01:43:07,06:31:24,03:49:17,12:09:04,---,Ironman 140.6,Zurich,Switzerland,Europe,M,2011,20110710,switzerland,30-34
"Morsink, Ralf",NLD,157,794,876,01:14:48,06:49:42,03:48:08,12:09:21,---,Ironman 140.6,Zurich,Switzerland,Europe,M,2011,20110710,switzerland,30-34
"Isele, Andreas",DEU,158,796,878,01:18:48,06:26:35,04:18:53,12:09:36,---,Ironman 140.6,Zurich,Switzerland,Europe,M,2011,20110710,switzerland,30-34
"Jaskulski, Michal",POL,159,799,881,01:06:40,06:39:55,04:17:22,12:10:09,---,Ironman 140.6,Zurich,Switzerland,Europe,M,2011,20110710,switzerland,30-34
"Champkins, Jeff",GBR,160,801,883,01:27:02,06:24:41,04:11:40,12:10:53,---,Ironman 140.6,Zurich,Switzerland,Europe,M,2011,20110710,switzerland,30-34
"Konrad, Mathias",DEU,161,803,885,01:23:02,05:54:46,04:46:46,12:11:07,---,Ironman 140.6,Zurich,Switzerland,Europe,M,2011,20110710,switzerland,30-34
"Grässli, Tobias",CHE,163,807,891,01:24:02,05:56:39,04:45:32,12:12:09,---,Ironman 140.6,Zurich,Switzerland,Europe,M,2011,20110710,switzerland,30-34
"Oca, Igor",ESP,164,811,896,01:21:59,06:14:50,04:20:09,12:12:45,---,Ironman 140.6,Zurich,Switzerland,Europe,M,2011,20110710,switzerland,30-34
"Martinez, Julio",ESP,165,814,899,01:24:56,06:40:51,03:56:30,12:13:22,---,Ironman 140.6,Zurich,Switzerland,Europe,M,2011,20110710,switzerland,30-34
"Tiplady, Ryan",CHE,167,821,907,01:13:30,06:28:27,04:26:37,12:13:47,---,Ironman 140.6,Zurich,Switzerland,Europe,M,2011,20110710,switzerland,30-34
"Wollweber, Maik",DEU,168,824,910,01:29:07,06:08:55,04:28:59,12:13:52,---,Ironman 140.6,Zurich,Switzerland,Europe,M,2011,20110710,switzerland,30-34
"Althaus, Michael",CHE,169,832,920,01:19:35,06:22:41,04:27:39,12:15:31,---,Ironman 140.6,Zurich,Switzerland,Europe,M,2011,20110710,switzerland,30-34
"Krönmark, Arvid",SWE,170,836,924,01:23:32,06:18:18,04:25:20,12:15:57,---,Ironman 140.6,Zurich,Switzerland,Europe,M,2011,20110710,switzerland,30-34
"Gaffney, Tony",IRL,171,849,938,01:12:42,06:38:48,04:20:12,12:18:11,---,Ironman 140.6,Zurich,Switzerland,Europe,M,2011,20110710,switzerland,30-34
"Muñoz Moreno, Fernando",ESP,172,861,951,01:25:56,06:56:32,03:45:41,12:19:53,---,Ironman 140.6,Zurich,Switzerland,Europe,M,2011,20110710,switzerland,30-34
"Yiannakis, Nicholaos",FRA,173,867,957,01:27:01,06:13:30,04:32:23,12:20:54,---,Ironman 140.6,Zurich,Switzerland,Europe,M,2011,20110710,switzerland,30-34
"Mcgee, Philip",GBR,174,870,960,01:15:05,06:48:36,04:02:25,12:21:34,---,Ironman 140.6,Zurich,Switzerland,Europe,M,2011,20110710,switzerland,30-34
"Bellamy, Nick",GBR,175,890,985,01:15:10,06:24:52,04:37:27,12:26:36,---,Ironman 140.6,Zurich,Switzerland,Europe,M,2011,20110710,switzerland,30-34
"Alexandre, Bruno",FRA,176,895,991,01:22:07,06:39:39,04:20:44,12:27:53,---,Ironman 140.6,Zurich,Switzerland,Europe,M,2011,20110710,switzerland,30-34
"fried‬‏, ‪yaron",ISR,179,909,1010,01:21:26,06:41:47,04:22:32,12:31:20,---,Ironman 140.6,Zurich,Switzerland,Europe,M,2011,20110710,switzerland,30-34
"Millward, John",GBR,180,916,1017,01:26:37,06:25:49,04:26:30,12:32:21,---,Ironman 140.6,Zurich,Switzerland,Europe,M,2011,20110710,switzerland,30-34
"Gutierrez Hernandez, Javier",ESP,181,925,1028,01:01:41,07:00:46,04:22:48,12:33:18,---,Ironman 140.6,Zurich,Switzerland,Europe,M,2011,20110710,switzerland,30-34
"Gall, Oliver",GBR,182,929,1032,01:22:14,06:56:30,03:55:25,12:34:41,---,Ironman 140.6,Zurich,Switzerland,Europe,M,2011,20110710,switzerland,30-34
"Erne, Dominik K.",CHE,183,934,1037,01:43:14,06:54:29,03:43:50,12:35:49,---,Ironman 140.6,Zurich,Switzerland,Europe,M,2011,20110710,switzerland,30-34
"Honegger, Michael",CHE,184,937,1041,01:07:14,06:25:57,04:49:48,12:36:20,---,Ironman 140.6,Zurich,Switzerland,Europe,M,2011,20110710,switzerland,30-34
"Keogh, John",IRL,186,943,1049,01:34:21,07:04:28,03:46:17,12:39:03,---,Ironman 140.6,Zurich,Switzerland,Europe,M,2011,20110710,switzerland,30-34
"Spagnolo, Claudio",CHE,187,951,1058,01:17:55,05:58:30,05:19:13,12:40:58,---,Ironman 140.6,Zurich,Switzerland,Europe,M,2011,20110710,switzerland,30-34
"Barrufet, Albert",ESP,188,955,1062,01:30:03,06:37:26,04:27:29,12:41:14,---,Ironman 140.6,Zurich,Switzerland,Europe,M,2011,20110710,switzerland,30-34
"Morton, Sam",GBR,189,957,1064,01:27:03,06:28:45,04:41:40,12:41:25,---,Ironman 140.6,Zurich,Switzerland,Europe,M,2011,20110710,switzerland,30-34
"Lis, Pawel",POL,191,960,1068,01:27:27,05:59:20,05:04:47,12:41:48,---,Ironman 140.6,Zurich,Switzerland,Europe,M,2011,20110710,switzerland,30-34
"Schweri, Flo",CHE,192,969,1077,01:16:58,05:47:18,05:31:24,12:43:23,---,Ironman 140.6,Zurich,Switzerland,Europe,M,2011,20110710,switzerland,30-34
"Jones, Nathan",CHE,193,974,1083,01:24:08,06:36:03,04:37:32,12:44:09,---,Ironman 140.6,Zurich,Switzerland,Europe,M,2011,20110710,switzerland,30-34
"Magnenat, David",CHE,195,985,1096,01:22:43,06:38:52,04:27:29,12:45:24,---,Ironman 140.6,Zurich,Switzerland,Europe,M,2011,20110710,switzerland,30-34
"Ross, Steven",GBR,196,995,1106,01:16:15,06:29:57,04:49:47,12:46:41,---,Ironman 140.6,Zurich,Switzerland,Europe,M,2011,20110710,switzerland,30-34
"Bachmann, Markus",CHE,198,1005,1119,01:35:30,06:06:42,04:59:00,12:49:42,---,Ironman 140.6,Zurich,Switzerland,Europe,M,2011,20110710,switzerland,30-34
"Rietmann, Thomas",CHE,199,1016,1132,01:16:39,06:13:58,05:10:13,12:51:52,---,Ironman 140.6,Zurich,Switzerland,Europe,M,2011,20110710,switzerland,30-34
"Smirnov, Alexander",RUS,200,1027,1144,01:20:39,07:00:11,04:25:19,12:53:18,---,Ironman 140.6,Zurich,Switzerland,Europe,M,2011,20110710,switzerland,30-34
"Bühler, Fabian",CHE,201,1028,1146,01:31:24,06:43:11,04:31:21,12:54:05,---,Ironman 140.6,Zurich,Switzerland,Europe,M,2011,20110710,switzerland,30-34
"Porat, Michael",ISR,202,1031,1149,01:25:06,06:43:28,04:33:43,12:54:42,---,Ironman 140.6,Zurich,Switzerland,Europe,M,2011,20110710,switzerland,30-34
"Deicher, Jens",CHE,203,1032,1150,01:32:33,06:33:53,04:37:06,12:55:15,---,Ironman 140.6,Zurich,Switzerland,Europe,M,2011,20110710,switzerland,30-34
"Baird, Robert",GBR,204,1041,1162,01:11:02,06:10:46,05:27:06,12:57:49,---,Ironman 140.6,Zurich,Switzerland,Europe,M,2011,20110710,switzerland,30-34
"Cumbre, Antonio",PRT,205,1048,1170,01:07:02,06:19:34,05:22:27,12:59:58,---,Ironman 140.6,Zurich,Switzerland,Europe,M,2011,20110710,switzerland,30-34
"Garcia, Joey",GIB,206,1053,1175,01:14:28,06:05:00,05:32:50,13:02:28,---,Ironman 140.6,Zurich,Switzerland,Europe,M,2011,20110710,switzerland,30-34
"Campbell, Ian",IRL,207,1057,1181,01:34:02,06:34:19,04:39:08,13:04:18,---,Ironman 140.6,Zurich,Switzerland,Europe,M,2011,20110710,switzerland,30-34
"Carter, Simon",GBR,208,1063,1187,01:09:22,06:36:01,05:08:21,13:05:20,---,Ironman 140.6,Zurich,Switzerland,Europe,M,2011,20110710,switzerland,30-34
"Anton Sanchez, Nestor",ESP,210,1072,1198,01:28:10,06:42:55,04:43:16,13:07:25,---,Ironman 140.6,Zurich,Switzerland,Europe,M,2011,20110710,switzerland,30-34
"Ng, Ho Yin",GBR,211,1076,1202,01:19:59,06:39:08,04:53:18,13:07:47,---,Ironman 140.6,Zurich,Switzerland,Europe,M,2011,20110710,switzerland,30-34
"Clarke, Michael",GBR,212,1077,1203,01:18:14,06:49:06,04:50:58,13:07:49,---,Ironman 140.6,Zurich,Switzerland,Europe,M,2011,20110710,switzerland,30-34
"Bocska, Bal Zs",CHE,213,1078,1204,01:14:56,06:49:00,04:43:42,13:07:49,---,Ironman 140.6,Zurich,Switzerland,Europe,M,2011,20110710,switzerland,30-34
"Brassel, Jörg",CHE,215,1081,1208,01:18:50,06:17:58,05:28:42,13:08:34,---,Ironman 140.6,Zurich,Switzerland,Europe,M,2011,20110710,switzerland,30-34
"Swift, Larry",IRL,216,1088,1217,01:15:30,06:47:45,04:59:17,13:11:04,---,Ironman 140.6,Zurich,Switzerland,Europe,M,2011,20110710,switzerland,30-34
"Wyttenbach, Martin",CHE,220,1095,1228,01:22:46,06:07:05,05:32:53,13:14:04,---,Ironman 140.6,Zurich,Switzerland,Europe,M,2011,20110710,switzerland,30-34
"D'Angelo, Antonio",ITA,221,1101,1234,01:27:26,06:42:32,05:02:43,13:17:13,---,Ironman 140.6,Zurich,Switzerland,Europe,M,2011,20110710,switzerland,30-34
"Dutoit, Frederic",CHE,222,1102,1235,01:23:09,06:45:41,04:46:48,13:17:16,---,Ironman 140.6,Zurich,Switzerland,Europe,M,2011,20110710,switzerland,30-34
"Puigros Mayol, Antonio",ESP,223,1116,1249,01:18:14,06:46:28,05:02:28,13:21:28,---,Ironman 140.6,Zurich,Switzerland,Europe,M,2011,20110710,switzerland,30-34
"Singleton, Richard",GBR,225,1124,1259,01:24:48,07:17:56,04:26:29,13:23:09,---,Ironman 140.6,Zurich,Switzerland,Europe,M,2011,20110710,switzerland,30-34
"Smith, Adam",GBR,226,1132,1267,01:21:58,07:06:00,04:44:55,13:24:41,---,Ironman 140.6,Zurich,Switzerland,Europe,M,2011,20110710,switzerland,30-34
"Naveiro, Francisco",ARG,227,1133,1268,01:16:39,06:21:19,05:40:22,13:24:57,---,Ironman 140.6,Zurich,Switzerland,Europe,M,2011,20110710,switzerland,30-34
"King, Andrew",FRA,228,1141,1276,01:25:31,06:39:32,05:11:48,13:27:37,---,Ironman 140.6,Zurich,Switzerland,Europe,M,2011,20110710,switzerland,30-34
"Leatherbarrow, Andy",GBR,229,1143,1278,01:34:55,06:39:15,05:00:39,13:28:42,---,Ironman 140.6,Zurich,Switzerland,Europe,M,2011,20110710,switzerland,30-34
"Lee, Ian",SGP,230,1147,1282,01:19:32,07:37:19,04:20:00,13:29:35,---,Ironman 140.6,Zurich,Switzerland,Europe,M,2011,20110710,switzerland,30-34
"Respecki, Dennis",USA,232,1151,1290,01:30:56,07:21:45,04:21:59,13:30:47,---,Ironman 140.6,Zurich,Switzerland,Europe,M,2011,20110710,switzerland,30-34
"Rückstein, Bruno",CHE,233,1167,1307,01:09:36,06:58:01,05:12:18,13:34:41,---,Ironman 140.6,Zurich,Switzerland,Europe,M,2011,20110710,switzerland,30-34
"Quinn, Darragh",IRL,234,1168,1308,01:21:41,06:45:14,05:15:16,13:34:47,---,Ironman 140.6,Zurich,Switzerland,Europe,M,2011,20110710,switzerland,30-34
"Elster, Ivo",EST,235,1179,1322,01:34:57,06:59:21,04:50:38,13:38:04,---,Ironman 140.6,Zurich,Switzerland,Europe,M,2011,20110710,switzerland,30-34
"Wright, Bruce",GBR,236,1180,1323,01:28:52,06:38:46,05:19:30,13:38:22,---,Ironman 140.6,Zurich,Switzerland,Europe,M,2011,20110710,switzerland,30-34
"Smith, Richard",USA,237,1181,1324,01:44:56,07:03:17,04:45:40,13:38:52,---,Ironman 140.6,Zurich,Switzerland,Europe,M,2011,20110710,switzerland,30-34
"Blake, Dan",GBR,239,1187,1333,01:18:12,06:54:23,05:16:48,13:40:16,---,Ironman 140.6,Zurich,Switzerland,Europe,M,2011,20110710,switzerland,30-34
"Bruckhoff, Daniel",CHE,241,1193,1344,01:29:11,06:43:44,05:23:25,13:43:01,---,Ironman 140.6,Zurich,Switzerland,Europe,M,2011,20110710,switzerland,30-34
"Martinez, Alfons",ESP,245,1226,1385,01:27:35,06:56:44,05:23:08,13:53:10,---,Ironman 140.6,Zurich,Switzerland,Europe,M,2011,20110710,switzerland,30-34
"Byrne, Dominic",GBR,247,1227,1388,01:22:24,06:43:04,05:38:33,13:53:39,---,Ironman 140.6,Zurich,Switzerland,Europe,M,2011,20110710,switzerland,30-34
"Chiaia, Cyril",FRA,248,1232,1393,01:31:11,07:25:44,04:38:26,13:55:16,---,Ironman 140.6,Zurich,Switzerland,Europe,M,2011,20110710,switzerland,30-34
"Andera, Jan",SWE,249,1238,1401,01:41:25,06:59:15,05:04:31,13:58:11,---,Ironman 140.6,Zurich,Switzerland,Europe,M,2011,20110710,switzerland,30-34
"Lankila, Janne",ESP,250,1245,1408,01:28:31,06:38:59,05:45:02,14:00:53,---,Ironman 140.6,Zurich,Switzerland,Europe,M,2011,20110710,switzerland,30-34
"Khin Chuen, Gerald Yong",SGP,252,1258,1423,01:40:26,07:29:11,04:42:29,14:06:03,---,Ironman 140.6,Zurich,Switzerland,Europe,M,2011,20110710,switzerland,30-34
"Demsar, Robert",HRV,253,1259,1424,01:15:15,07:19:09,05:20:53,14:06:27,---,Ironman 140.6,Zurich,Switzerland,Europe,M,2011,20110710,switzerland,30-34
"Yatom, Shurik",ISR,254,1277,1445,01:33:18,07:20:13,05:10:58,14:16:24,---,Ironman 140.6,Zurich,Switzerland,Europe,M,2011,20110710,switzerland,30-34
"Tschopp, Marc",CHE,255,1279,1448,01:19:28,07:01:01,05:41:21,14:18:44,---,Ironman 140.6,Zurich,Switzerland,Europe,M,2011,20110710,switzerland,30-34
"Rosenstein, Andrew",GBR,256,1284,1454,01:30:17,06:43:15,05:54:41,14:23:38,---,Ironman 140.6,Zurich,Switzerland,Europe,M,2011,20110710,switzerland,30-34
"Reinecker, Frank",DEU,258,1291,1464,01:43:58,07:19:54,05:14:14,14:27:41,---,Ironman 140.6,Zurich,Switzerland,Europe,M,2011,20110710,switzerland,30-34
"Martin, Christian",DEU,259,1293,1466,01:32:22,07:00:39,05:48:36,14:28:32,---,Ironman 140.6,Zurich,Switzerland,Europe,M,2011,20110710,switzerland,30-34
"Amess, Jon",GBR,260,1296,1472,01:13:43,07:40:16,05:24:59,14:30:29,---,Ironman 140.6,Zurich,Switzerland,Europe,M,2011,20110710,switzerland,30-34
"Power, John",GBR,261,1297,1473,01:34:33,07:20:18,05:24:16,14:30:30,---,Ironman 140.6,Zurich,Switzerland,Europe,M,2011,20110710,switzerland,30-34
"Andrews, John",GBR,262,1298,1474,01:24:01,06:46:51,06:09:57,14:30:30,---,Ironman 140.6,Zurich,Switzerland,Europe,M,2011,20110710,switzerland,30-34
"Braga, George",BRA,263,1301,1477,01:21:49,07:13:22,05:43:41,14:31:12,---,Ironman 140.6,Zurich,Switzerland,Europe,M,2011,20110710,switzerland,30-34
"Gonzalez Soto, Xoan",ESP,265,1317,1496,01:35:49,07:37:05,05:13:42,14:39:16,---,Ironman 140.6,Zurich,Switzerland,Europe,M,2011,20110710,switzerland,30-34
"Fletcher, Benjamin",GBR,266,1321,1501,01:18:02,07:28:42,05:42:44,14:42:32,---,Ironman 140.6,Zurich,Switzerland,Europe,M,2011,20110710,switzerland,30-34
"Gabler, Patrick",DEU,267,1322,1502,01:39:49,06:59:11,05:53:32,14:43:01,---,Ironman 140.6,Zurich,Switzerland,Europe,M,2011,20110710,switzerland,30-34
"Taylor, Dennyson",AUS,269,1338,1522,01:33:44,07:15:32,05:50:34,14:54:44,---,Ironman 140.6,Zurich,Switzerland,Europe,M,2011,20110710,switzerland,30-34
"Webley, Alistair",GBR,273,1354,1544,01:18:19,07:07:05,06:39:46,15:15:05,---,Ironman 140.6,Zurich,Switzerland,Europe,M,2011,20110710,switzerland,30-34
"Gibson, Daireann",IRL,274,1361,1551,01:33:07,08:31:31,05:04:36,15:18:37,---,Ironman 140.6,Zurich,Switzerland,Europe,M,2011,20110710,switzerland,30-34
"Schaermeli, Claudio",CHE,275,1366,1557,01:39:49,07:17:54,06:06:40,15:20:47,---,Ironman 140.6,Zurich,Switzerland,Europe,M,2011,20110710,switzerland,30-34
"Tham, Zhi Qian Kelvin",SGP,276,1369,1560,01:34:52,07:43:06,05:51:10,15:22:55,---,Ironman 140.6,Zurich,Switzerland,Europe,M,2011,20110710,switzerland,30-34
"Sinclair, Charlie",GBR,277,1378,1570,01:31:14,07:37:52,06:00:16,15:30:32,---,Ironman 140.6,Zurich,Switzerland,Europe,M,2011,20110710,switzerland,30-34
"Ahl, Daniel",SWE,---,---,---,01:07:53,---,---,DNF,---,Ironman 140.6,Zurich,Switzerland,Europe,M,2011,20110710,switzerland,30-34
"Auffray, Nicolas",FRA,---,---,---,---,---,---,DNS,---,Ironman 140.6,Zurich,Switzerland,Europe,M,2011,20110710,switzerland,30-34
"Balmer, Roger",CHE,---,---,---,---,---,---,DNS,---,Ironman 140.6,Zurich,Switzerland,Europe,M,2011,20110710,switzerland,30-34
"Blayer, Sebastien",FRA,---,---,---,---,---,---,DNS,---,Ironman 140.6,Zurich,Switzerland,Europe,M,2011,20110710,switzerland,30-34
"Boiteux, Sebastien",CHN,---,---,---,01:45:45,---,---,DNF,---,Ironman 140.6,Zurich,Switzerland,Europe,M,2011,20110710,switzerland,30-34
"Bueno Peña, Sergio",ESP,---,---,---,---,---,---,DNS,---,Ironman 140.6,Zurich,Switzerland,Europe,M,2011,20110710,switzerland,30-34
"Cornet, Jérôme",BEL,---,---,---,---,---,---,DNS,---,Ironman 140.6,Zurich,Switzerland,Europe,M,2011,20110710,switzerland,30-34
"Despas, Alexandre",FRA,---,---,---,---,---,---,DNS,---,Ironman 140.6,Zurich,Switzerland,Europe,M,2011,20110710,switzerland,30-34
"Dr. Roller, Christian",DEU,---,---,---,01:07:38,05:31:12,---,DNF,---,Ironman 140.6,Zurich,Switzerland,Europe,M,2011,20110710,switzerland,30-34
"Du Toit, Pieter",GBR,---,---,---,01:08:54,---,---,DNF,---,Ironman 140.6,Zurich,Switzerland,Europe,M,2011,20110710,switzerland,30-34
"Dusitrojanawong, Soratat",THA,---,---,---,---,---,---,DNS,---,Ironman 140.6,Zurich,Switzerland,Europe,M,2011,20110710,switzerland,30-34
"Fiegel, Brent",USA,---,---,---,---,---,---,DNS,---,Ironman 140.6,Zurich,Switzerland,Europe,M,2011,20110710,switzerland,30-34
"Finocchiaro, Domenico",CHE,---,---,---,---,---,---,DNS,---,Ironman 140.6,Zurich,Switzerland,Europe,M,2011,20110710,switzerland,30-34
"Fitzgerald, Mark",GBR,---,---,---,---,---,---,DNS,---,Ironman 140.6,Zurich,Switzerland,Europe,M,2011,20110710,switzerland,30-34
"Galla, Stephane",CHE,---,---,---,00:59:31,05:09:12,---,DNF,---,Ironman 140.6,Zurich,Switzerland,Europe,M,2011,20110710,switzerland,30-34
"Giglio, Rafael",BRA,---,---,---,01:24:03,06:39:23,---,DNF,---,Ironman 140.6,Zurich,Switzerland,Europe,M,2011,20110710,switzerland,30-34
"Haida, Marco",CHE,---,---,---,01:18:16,06:58:14,---,DNF,---,Ironman 140.6,Zurich,Switzerland,Europe,M,2011,20110710,switzerland,30-34
"Harman, Adam",GBR,---,---,---,01:21:12,---,---,DNF,---,Ironman 140.6,Zurich,Switzerland,Europe,M,2011,20110710,switzerland,30-34
"Hochmann, Marc",CHE,---,---,---,---,---,---,DNS,---,Ironman 140.6,Zurich,Switzerland,Europe,M,2011,20110710,switzerland,30-34
"Irtel, Thiemo",CHE,---,---,---,---,---,---,DNS,---,Ironman 140.6,Zurich,Switzerland,Europe,M,2011,20110710,switzerland,30-34
"Kistler, Stefan",CHE,---,---,---,---,---,---,DNS,---,Ironman 140.6,Zurich,Switzerland,Europe,M,2011,20110710,switzerland,30-34
"Krump, Christoph",AUT,---,---,---,01:16:10,---,---,DNF,---,Ironman 140.6,Zurich,Switzerland,Europe,M,2011,20110710,switzerland,30-34
"Loveday, Mark",GBR,---,---,---,01:10:03,---,---,DNF,---,Ironman 140.6,Zurich,Switzerland,Europe,M,2011,20110710,switzerland,30-34
"Lush, Dale",GBR,---,---,---,01:22:46,06:52:57,04:19:04,DNF,---,Ironman 140.6,Zurich,Switzerland,Europe,M,2011,20110710,switzerland,30-34
"Mathieu, Rey",FRA,---,---,---,---,---,---,DNS,---,Ironman 140.6,Zurich,Switzerland,Europe,M,2011,20110710,switzerland,30-34
"Mcallister, Neil",AUS,---,---,---,---,---,---,DNS,---,Ironman 140.6,Zurich,Switzerland,Europe,M,2011,20110710,switzerland,30-34
"Moita, Gael",CHE,---,---,---,01:01:39,05:18:52,---,DNF,---,Ironman 140.6,Zurich,Switzerland,Europe,M,2011,20110710,switzerland,30-34
"Musso, Christian",CHE,---,---,---,---,---,---,DNS,---,Ironman 140.6,Zurich,Switzerland,Europe,M,2011,20110710,switzerland,30-34
"Philipps, David",GBR,---,---,---,---,---,---,DNS,---,Ironman 140.6,Zurich,Switzerland,Europe,M,2011,20110710,switzerland,30-34
"Potter, John",GBR,---,---,---,---,---,---,DNS,---,Ironman 140.6,Zurich,Switzerland,Europe,M,2011,20110710,switzerland,30-34
"Pradas Garcia, Alberto",ESP,---,---,---,---,---,---,DNS,---,Ironman 140.6,Zurich,Switzerland,Europe,M,2011,20110710,switzerland,30-34
"Queral, Xavi",ESP,---,---,---,---,---,---,DNS,---,Ironman 140.6,Zurich,Switzerland,Europe,M,2011,20110710,switzerland,30-34
"Reibl, Christian",AUT,---,---,---,01:07:04,05:12:22,---,DNF,---,Ironman 140.6,Zurich,Switzerland,Europe,M,2011,20110710,switzerland,30-34
"Ribeiro, Alberto",BRA,---,---,---,---,---,---,DNS,---,Ironman 140.6,Zurich,Switzerland,Europe,M,2011,20110710,switzerland,30-34
"Schilling, M Ni",CHE,---,---,---,---,---,---,DNS,---,Ironman 140.6,Zurich,Switzerland,Europe,M,2011,20110710,switzerland,30-34
"Schulze, Sven",DEU,---,---,---,00:55:56,05:21:20,---,DNF,---,Ironman 140.6,Zurich,Switzerland,Europe,M,2011,20110710,switzerland,30-34
"Seroya, Shuki",ISR,---,---,---,01:01:46,05:21:08,---,DNF,---,Ironman 140.6,Zurich,Switzerland,Europe,M,2011,20110710,switzerland,30-34
"Sjöberg, Mattias",SWE,---,---,---,01:10:04,05:36:24,---,DNF,---,Ironman 140.6,Zurich,Switzerland,Europe,M,2011,20110710,switzerland,30-34
"Soncini, Matthias",ITA,---,---,---,01:14:08,05:38:32,---,DNF,---,Ironman 140.6,Zurich,Switzerland,Europe,M,2011,20110710,switzerland,30-34
"Späh, Martin",CHE,---,---,---,---,---,---,DNS,---,Ironman 140.6,Zurich,Switzerland,Europe,M,2011,20110710,switzerland,30-34
"Stijweg, Marvin",NLD,---,---,---,---,---,---,DNS,---,Ironman 140.6,Zurich,Switzerland,Europe,M,2011,20110710,switzerland,30-34
"Suter, David",CHE,---,---,---,01:15:24,05:51:19,---,DNF,---,Ironman 140.6,Zurich,Switzerland,Europe,M,2011,20110710,switzerland,30-34
"Unanue Ayerza, Jon",ESP,---,---,---,00:53:09,---,---,DNF,---,Ironman 140.6,Zurich,Switzerland,Europe,M,2011,20110710,switzerland,30-34
"Votteler, Tristan",DEU,---,---,---,---,---,---,DNS,---,Ironman 140.6,Zurich,Switzerland,Europe,M,2011,20110710,switzerland,30-34
"Werneck, Fred",CHE,---,---,---,01:16:34,---,---,DNF,---,Ironman 140.6,Zurich,Switzerland,Europe,M,2011,20110710,switzerland,30-34
"Stalder, Sebastien Christian",FRA,1,11,12,00:57:15,05:02:33,03:06:08,09:09:47,---,Ironman 140.6,Zurich,Switzerland,Europe,M,2011,20110710,switzerland,35-39
"Cascio, Jamie",---,2,14,16,00:59:56,05:04:08,03:06:07,09:13:03,---,Ironman 140.6,Zurich,Switzerland,Europe,M,2011,20110710,switzerland,35-39
"Kern, Roger",CHE,3,15,17,01:05:47,05:07:22,02:57:40,09:14:16,---,Ironman 140.6,Zurich,Switzerland,Europe,M,2011,20110710,switzerland,35-39
"Zrnic, Dalibor",CHE,4,20,22,01:02:31,05:00:50,03:12:45,09:20:32,---,Ironman 140.6,Zurich,Switzerland,Europe,M,2011,20110710,switzerland,35-39
"Rudy, Depret",BEL,5,23,25,00:57:59,05:16:09,03:05:42,09:23:00,---,Ironman 140.6,Zurich,Switzerland,Europe,M,2011,20110710,switzerland,35-39
"Ellingsen, Per Morten",NOR,6,27,29,01:05:00,05:06:41,03:09:41,09:24:25,---,Ironman 140.6,Zurich,Switzerland,Europe,M,2011,20110710,switzerland,35-39
"Vanderbeke, Koen",BEL,7,28,30,00:59:48,05:12:09,03:10:34,09:24:55,---,Ironman 140.6,Zurich,Switzerland,Europe,M,2011,20110710,switzerland,35-39
"Wölfert, Tobias",USA,8,29,31,00:55:05,05:15:53,03:11:35,09:25:05,---,Ironman 140.6,Zurich,Switzerland,Europe,M,2011,20110710,switzerland,35-39
"Mueller, Robinson",CHE,9,33,35,01:00:12,05:10:42,03:18:01,09:32:34,---,Ironman 140.6,Zurich,Switzerland,Europe,M,2011,20110710,switzerland,35-39
"Carcia, Federico",ARG,10,38,40,00:55:04,05:18:22,03:19:17,09:35:40,---,Ironman 140.6,Zurich,Switzerland,Europe,M,2011,20110710,switzerland,35-39
"Janse, Steven",BEL,11,40,42,00:59:49,05:17:12,03:16:33,09:36:27,---,Ironman 140.6,Zurich,Switzerland,Europe,M,2011,20110710,switzerland,35-39
"Boullier, Adrien",FRA,12,41,43,01:02:50,05:13:51,03:17:05,09:36:52,---,Ironman 140.6,Zurich,Switzerland,Europe,M,2011,20110710,switzerland,35-39
"Schömbs, Heiko",DEU,13,43,46,01:05:57,05:18:51,03:09:43,09:38:13,---,Ironman 140.6,Zurich,Switzerland,Europe,M,2011,20110710,switzerland,35-39
"Jessup, Nathan",AUS,14,45,48,01:05:31,05:22:05,03:06:56,09:38:38,---,Ironman 140.6,Zurich,Switzerland,Europe,M,2011,20110710,switzerland,35-39
"Müntener, Christian",CHE,15,46,49,01:03:33,05:14:43,03:16:05,09:39:03,---,Ironman 140.6,Zurich,Switzerland,Europe,M,2011,20110710,switzerland,35-39
"Terzi, Christophe",FRA,16,51,54,01:00:06,05:12:12,03:25:05,09:40:55,---,Ironman 140.6,Zurich,Switzerland,Europe,M,2011,20110710,switzerland,35-39
"Burgoa, Arnaitz",ESP,17,52,55,01:06:10,05:04:24,03:26:58,09:41:47,---,Ironman 140.6,Zurich,Switzerland,Europe,M,2011,20110710,switzerland,35-39
"Jeanneret-Gris, Yvain",CHE,18,53,57,01:07:57,05:22:17,03:08:33,09:42:38,---,Ironman 140.6,Zurich,Switzerland,Europe,M,2011,20110710,switzerland,35-39
"Spycher, Dominik",CHE,19,60,64,00:55:49,05:11:03,03:35:21,09:45:24,---,Ironman 140.6,Zurich,Switzerland,Europe,M,2011,20110710,switzerland,35-39
"Deboes, Christophe",FRA,20,62,66,00:58:36,05:17:29,03:26:53,09:46:06,---,Ironman 140.6,Zurich,Switzerland,Europe,M,2011,20110710,switzerland,35-39
"Bionda, Mattia",CHE,21,72,76,01:15:31,05:10:28,03:20:10,09:49:52,---,Ironman 140.6,Zurich,Switzerland,Europe,M,2011,20110710,switzerland,35-39
"Costa, Sergio",PRT,22,74,78,01:07:16,05:12:05,03:26:37,09:50:08,---,Ironman 140.6,Zurich,Switzerland,Europe,M,2011,20110710,switzerland,35-39
"Grießbach, Denis",DEU,23,78,82,01:11:25,05:08:19,03:28:23,09:51:01,---,Ironman 140.6,Zurich,Switzerland,Europe,M,2011,20110710,switzerland,35-39
"Fabian, Arnaud",FRA,24,86,90,00:57:58,05:39:57,03:12:35,09:54:45,---,Ironman 140.6,Zurich,Switzerland,Europe,M,2011,20110710,switzerland,35-39
"Meier, Michael",CHE,25,88,92,01:11:35,05:06:55,03:33:32,09:55:01,---,Ironman 140.6,Zurich,Switzerland,Europe,M,2011,20110710,switzerland,35-39
"Klingenfuss, Reto",CHE,26,90,94,01:03:27,05:20:11,03:27:18,09:55:38,---,Ironman 140.6,Zurich,Switzerland,Europe,M,2011,20110710,switzerland,35-39
"Calle, Sebastien",FRA,27,92,96,01:07:46,05:20:27,03:23:34,09:56:30,---,Ironman 140.6,Zurich,Switzerland,Europe,M,2011,20110710,switzerland,35-39
"Wagner, Frank",DEU,28,101,105,00:58:03,05:24:24,03:32:51,09:58:51,---,Ironman 140.6,Zurich,Switzerland,Europe,M,2011,20110710,switzerland,35-39
"Lewis, Richard",GBR,29,102,106,01:14:20,05:17:35,03:23:28,09:59:18,---,Ironman 140.6,Zurich,Switzerland,Europe,M,2011,20110710,switzerland,35-39
"Perez Andres, Miguel",ESP,30,106,110,01:03:21,05:28:56,03:24:07,10:00:31,---,Ironman 140.6,Zurich,Switzerland,Europe,M,2011,20110710,switzerland,35-39
"Kaspar, Christof",---,31,107,111,01:00:14,05:16:31,03:39:07,10:00:58,---,Ironman 140.6,Zurich,Switzerland,Europe,M,2011,20110710,switzerland,35-39
"Koempf, Steffen",CHE,32,112,116,01:05:02,05:09:18,03:44:38,10:02:00,---,Ironman 140.6,Zurich,Switzerland,Europe,M,2011,20110710,switzerland,35-39
"Harper, Hayden",NZL,33,125,129,01:02:53,05:24:42,03:32:03,10:05:02,---,Ironman 140.6,Zurich,Switzerland,Europe,M,2011,20110710,switzerland,35-39
"Krüsi, Daniel",CHE,34,126,130,01:14:43,05:16:39,03:30:43,10:05:21,---,Ironman 140.6,Zurich,Switzerland,Europe,M,2011,20110710,switzerland,35-39
"Brown, Henry",GBR,35,127,131,01:05:04,05:36:25,03:21:14,10:06:38,---,Ironman 140.6,Zurich,Switzerland,Europe,M,2011,20110710,switzerland,35-39
"Attenhofer, Marc",ARE,36,131,136,01:11:14,05:20:32,03:32:51,10:08:48,---,Ironman 140.6,Zurich,Switzerland,Europe,M,2011,20110710,switzerland,35-39
"Höpfinger, Heiko",CHE,37,135,141,01:22:12,05:14:11,03:30:04,10:09:36,---,Ironman 140.6,Zurich,Switzerland,Europe,M,2011,20110710,switzerland,35-39
"Bächle, Thomas",DEU,38,137,143,01:03:46,05:21:04,03:41:48,10:09:47,---,Ironman 140.6,Zurich,Switzerland,Europe,M,2011,20110710,switzerland,35-39
"Weilenmann, Felix",CHE,39,138,144,01:04:56,05:19:26,03:42:58,10:10:10,---,Ironman 140.6,Zurich,Switzerland,Europe,M,2011,20110710,switzerland,35-39
"Davies, Scot",GBR,40,150,158,01:11:24,05:29:20,03:28:41,10:13:33,---,Ironman 140.6,Zurich,Switzerland,Europe,M,2011,20110710,switzerland,35-39
"Pinheiro, Pedro",PRT,41,153,161,01:15:35,05:17:53,03:36:41,10:13:57,---,Ironman 140.6,Zurich,Switzerland,Europe,M,2011,20110710,switzerland,35-39
"Thevenin, Nicolas",FRA,43,159,169,01:11:24,05:12:10,03:48:35,10:15:58,---,Ironman 140.6,Zurich,Switzerland,Europe,M,2011,20110710,switzerland,35-39
"Berger, Heiko",DEU,44,164,174,01:05:36,05:37:04,03:29:41,10:17:31,---,Ironman 140.6,Zurich,Switzerland,Europe,M,2011,20110710,switzerland,35-39
"Ferrarassi, Sebastian",ARG,45,165,175,01:00:07,05:41:58,03:31:52,10:18:25,---,Ironman 140.6,Zurich,Switzerland,Europe,M,2011,20110710,switzerland,35-39
"Bomio, Mattia",CHE,46,172,182,01:02:19,05:17:55,03:56:51,10:20:30,---,Ironman 140.6,Zurich,Switzerland,Europe,M,2011,20110710,switzerland,35-39
"Orrit, David",CHE,47,173,183,01:08:31,05:39:45,03:27:09,10:21:07,---,Ironman 140.6,Zurich,Switzerland,Europe,M,2011,20110710,switzerland,35-39
"Marcin, Waniewski",POL,48,174,184,01:06:09,05:35:46,03:32:30,10:21:18,---,Ironman 140.6,Zurich,Switzerland,Europe,M,2011,20110710,switzerland,35-39
"Castro, Jan",---,49,181,191,01:04:57,05:31:05,03:42:02,10:21:56,---,Ironman 140.6,Zurich,Switzerland,Europe,M,2011,20110710,switzerland,35-39
"Müller, Sebastian",DEU,50,183,195,01:16:25,05:25:34,03:37:55,10:22:50,---,Ironman 140.6,Zurich,Switzerland,Europe,M,2011,20110710,switzerland,35-39
"Kubikula, Kooba",---,51,184,196,01:11:46,05:30:55,03:35:30,10:23:05,---,Ironman 140.6,Zurich,Switzerland,Europe,M,2011,20110710,switzerland,35-39
"Rutt, Roland",GBR,52,203,215,00:55:51,05:37:40,03:49:17,10:25:56,---,Ironman 140.6,Zurich,Switzerland,Europe,M,2011,20110710,switzerland,35-39
"Stéphane, Marchand",BEL,53,205,217,01:17:41,05:24:27,03:35:27,10:26:10,---,Ironman 140.6,Zurich,Switzerland,Europe,M,2011,20110710,switzerland,35-39
"Fish, Andrew",GBR,54,206,218,01:04:28,05:21:44,03:54:06,10:26:15,---,Ironman 140.6,Zurich,Switzerland,Europe,M,2011,20110710,switzerland,35-39
"Rohr, Mathias",CHE,55,210,222,01:09:50,05:25:15,03:47:41,10:26:51,---,Ironman 140.6,Zurich,Switzerland,Europe,M,2011,20110710,switzerland,35-39
"Waefler, Roger",CHE,56,213,225,01:18:15,05:22:58,03:41:02,10:27:19,---,Ironman 140.6,Zurich,Switzerland,Europe,M,2011,20110710,switzerland,35-39
"Yovanovitch, Igor",ESP,57,221,234,01:02:08,05:38:35,03:40:54,10:28:18,---,Ironman 140.6,Zurich,Switzerland,Europe,M,2011,20110710,switzerland,35-39
"Bradley, Cormac",GBR,58,223,236,01:16:20,05:32:13,03:32:17,10:28:36,---,Ironman 140.6,Zurich,Switzerland,Europe,M,2011,20110710,switzerland,35-39
"Gerber, Markus",CHE,59,229,242,01:10:04,05:36:37,03:38:45,10:29:30,---,Ironman 140.6,Zurich,Switzerland,Europe,M,2011,20110710,switzerland,35-39
"Barbera, Paolo",ITA,60,232,245,01:14:29,05:35:42,03:32:55,10:29:39,---,Ironman 140.6,Zurich,Switzerland,Europe,M,2011,20110710,switzerland,35-39
"Chiarini, Alessandro",ITA,61,236,249,01:03:58,05:49:00,03:33:50,10:29:55,---,Ironman 140.6,Zurich,Switzerland,Europe,M,2011,20110710,switzerland,35-39
"Maxwell, Iain",GBR,62,237,250,01:04:35,05:27:21,03:51:17,10:30:09,---,Ironman 140.6,Zurich,Switzerland,Europe,M,2011,20110710,switzerland,35-39
"Rees, Wynn",USA,63,238,251,01:11:19,05:32:40,03:43:33,10:30:20,---,Ironman 140.6,Zurich,Switzerland,Europe,M,2011,20110710,switzerland,35-39
"Mok, Adrian",SGP,64,239,252,01:09:59,05:39:39,03:37:07,10:30:23,---,Ironman 140.6,Zurich,Switzerland,Europe,M,2011,20110710,switzerland,35-39
"Carlsen, Kenneth",DNK,65,246,259,01:12:10,05:08:55,04:06:38,10:31:34,---,Ironman 140.6,Zurich,Switzerland,Europe,M,2011,20110710,switzerland,35-39
"Kolly, Sven",CHE,66,250,263,01:14:10,05:29:01,03:42:10,10:32:07,---,Ironman 140.6,Zurich,Switzerland,Europe,M,2011,20110710,switzerland,35-39
"Peter, Stefan",CHE,67,258,271,01:14:26,05:30:23,03:42:42,10:33:40,---,Ironman 140.6,Zurich,Switzerland,Europe,M,2011,20110710,switzerland,35-39
"Fox, Christopher",GBR,68,259,272,01:03:47,06:00:12,03:22:17,10:33:51,---,Ironman 140.6,Zurich,Switzerland,Europe,M,2011,20110710,switzerland,35-39
"hnatko, shawn",USA,69,261,274,01:03:25,05:38:01,03:47:25,10:34:40,---,Ironman 140.6,Zurich,Switzerland,Europe,M,2011,20110710,switzerland,35-39
"Di Giampaolo, Simone",ITA,70,270,283,01:09:39,05:31:13,03:50:57,10:35:52,---,Ironman 140.6,Zurich,Switzerland,Europe,M,2011,20110710,switzerland,35-39
"Adamovsky, Kamil",CZE,71,271,284,01:10:01,05:34:05,03:46:29,10:35:54,---,Ironman 140.6,Zurich,Switzerland,Europe,M,2011,20110710,switzerland,35-39
"Loewer, Olaf",CHE,72,281,294,01:19:05,05:47:23,03:27:55,10:38:05,---,Ironman 140.6,Zurich,Switzerland,Europe,M,2011,20110710,switzerland,35-39
"Buckley, Ed",GBR,73,283,296,00:59:23,05:39:42,03:53:36,10:38:15,---,Ironman 140.6,Zurich,Switzerland,Europe,M,2011,20110710,switzerland,35-39
"Stirnimann, Remo",CHE,74,287,300,01:02:55,05:04:18,04:27:40,10:38:37,---,Ironman 140.6,Zurich,Switzerland,Europe,M,2011,20110710,switzerland,35-39
"Garcia Pisa, Antonio",ESP,75,291,305,01:08:05,05:35:00,03:52:45,10:39:52,---,Ironman 140.6,Zurich,Switzerland,Europe,M,2011,20110710,switzerland,35-39
"Diaz Ortega, Manuel Emilio",ESP,76,295,310,01:11:42,05:34:26,03:48:06,10:40:56,---,Ironman 140.6,Zurich,Switzerland,Europe,M,2011,20110710,switzerland,35-39
"Weber, Ralf",DEU,77,297,312,01:15:33,05:31:31,03:48:58,10:41:42,---,Ironman 140.6,Zurich,Switzerland,Europe,M,2011,20110710,switzerland,35-39
"Fuchs, Bruno",CHE,78,312,327,01:05:43,05:22:48,04:11:16,10:43:51,---,Ironman 140.6,Zurich,Switzerland,Europe,M,2011,20110710,switzerland,35-39
"Burri, Reto",CHE,79,314,329,01:05:45,05:43:54,03:49:26,10:44:05,---,Ironman 140.6,Zurich,Switzerland,Europe,M,2011,20110710,switzerland,35-39
"Baijot, Laurent",BEL,80,317,333,01:13:37,06:01:28,03:24:35,10:45:16,---,Ironman 140.6,Zurich,Switzerland,Europe,M,2011,20110710,switzerland,35-39
"Archeny, Pierre",FRA,81,318,334,01:20:23,05:40:40,03:39:20,10:45:36,---,Ironman 140.6,Zurich,Switzerland,Europe,M,2011,20110710,switzerland,35-39
"Crump, Neill",GBR,82,328,344,01:00:21,05:44:24,03:54:26,10:46:53,---,Ironman 140.6,Zurich,Switzerland,Europe,M,2011,20110710,switzerland,35-39
"Rook, Fredrik Jonas",SWE,83,332,350,01:03:31,05:40:45,03:59:59,10:47:49,---,Ironman 140.6,Zurich,Switzerland,Europe,M,2011,20110710,switzerland,35-39
"Weber, Severin",CHE,84,333,351,01:22:52,05:48:19,03:29:31,10:48:26,---,Ironman 140.6,Zurich,Switzerland,Europe,M,2011,20110710,switzerland,35-39
"Gilling, Jonathan",GBR,85,335,353,01:04:45,06:17:13,03:20:56,10:48:54,---,Ironman 140.6,Zurich,Switzerland,Europe,M,2011,20110710,switzerland,35-39
"Garcia, Joan",ESP,86,338,356,01:05:11,05:49:14,03:49:40,10:49:14,---,Ironman 140.6,Zurich,Switzerland,Europe,M,2011,20110710,switzerland,35-39
"Heinz, Oliver",CHE,88,340,360,01:06:24,05:40:17,03:59:05,10:50:12,---,Ironman 140.6,Zurich,Switzerland,Europe,M,2011,20110710,switzerland,35-39
"Luchini, Umberto",USA,89,350,371,01:34:09,05:42:47,03:28:18,10:52:12,---,Ironman 140.6,Zurich,Switzerland,Europe,M,2011,20110710,switzerland,35-39
"Brennan, Chris",GBR,90,352,373,01:17:20,05:48:30,03:41:49,10:52:16,---,Ironman 140.6,Zurich,Switzerland,Europe,M,2011,20110710,switzerland,35-39
"Mesilati, Barak",ISR,91,355,376,01:16:32,05:47:46,03:42:18,10:52:45,---,Ironman 140.6,Zurich,Switzerland,Europe,M,2011,20110710,switzerland,35-39
"Kuettel, Lars",CHE,92,359,380,01:09:02,05:17:22,04:22:11,10:53:16,---,Ironman 140.6,Zurich,Switzerland,Europe,M,2011,20110710,switzerland,35-39
"Skjævestad, Are",NOR,93,360,381,01:07:56,05:51:06,03:49:54,10:53:53,---,Ironman 140.6,Zurich,Switzerland,Europe,M,2011,20110710,switzerland,35-39
"Jan, Burk",---,94,362,383,01:04:23,05:45:40,03:59:45,10:54:12,---,Ironman 140.6,Zurich,Switzerland,Europe,M,2011,20110710,switzerland,35-39
"Fiorito, Christian",ITA,96,365,388,01:02:49,05:20:53,04:25:58,10:54:50,---,Ironman 140.6,Zurich,Switzerland,Europe,M,2011,20110710,switzerland,35-39
"Woodside, Tim",GBR,97,366,390,01:18:18,05:34:54,03:56:15,10:54:57,---,Ironman 140.6,Zurich,Switzerland,Europe,M,2011,20110710,switzerland,35-39
"Barry, Fergus",IRL,98,371,395,01:11:40,05:57:40,03:40:47,10:55:18,---,Ironman 140.6,Zurich,Switzerland,Europe,M,2011,20110710,switzerland,35-39
"Freeman, Colin",GBR,99,374,399,01:08:59,05:53:49,03:49:32,10:55:59,---,Ironman 140.6,Zurich,Switzerland,Europe,M,2011,20110710,switzerland,35-39
"Ersoy, Emre",DEU,100,382,407,01:21:54,05:50:32,03:39:21,10:57:25,---,Ironman 140.6,Zurich,Switzerland,Europe,M,2011,20110710,switzerland,35-39
"Krupp, Matthias",DEU,101,383,408,01:13:58,05:48:48,03:48:41,10:57:31,---,Ironman 140.6,Zurich,Switzerland,Europe,M,2011,20110710,switzerland,35-39
"Lorenz, Michael",DEU,102,393,418,01:15:37,05:44:08,03:52:32,10:59:10,---,Ironman 140.6,Zurich,Switzerland,Europe,M,2011,20110710,switzerland,35-39
"Facchino, Carlo",USA,103,397,422,00:59:25,05:59:40,03:56:45,10:59:54,---,Ironman 140.6,Zurich,Switzerland,Europe,M,2011,20110710,switzerland,35-39
"Leach, Andrew",AUS,104,403,428,01:12:00,05:45:55,03:57:08,11:00:46,---,Ironman 140.6,Zurich,Switzerland,Europe,M,2011,20110710,switzerland,35-39
"Glisenti, Giampietro",ITA,105,405,431,01:25:17,05:55:55,03:33:19,11:01:11,---,Ironman 140.6,Zurich,Switzerland,Europe,M,2011,20110710,switzerland,35-39
"Gray, Rob",USA,106,408,434,01:15:40,05:42:12,03:58:53,11:02:13,---,Ironman 140.6,Zurich,Switzerland,Europe,M,2011,20110710,switzerland,35-39
"Heim, Samuel",CHE,107,409,435,01:06:14,05:35:56,04:10:32,11:02:29,---,Ironman 140.6,Zurich,Switzerland,Europe,M,2011,20110710,switzerland,35-39
"Vinaza Ruiz, Antonio Jesus",ESP,108,412,438,01:13:33,06:09:14,03:34:18,11:03:02,---,Ironman 140.6,Zurich,Switzerland,Europe,M,2011,20110710,switzerland,35-39
"Serra, Ignasi",ESP,109,416,442,01:13:37,05:47:26,03:55:23,11:03:31,---,Ironman 140.6,Zurich,Switzerland,Europe,M,2011,20110710,switzerland,35-39
"Isakov, Jerome",USA,110,421,448,01:21:39,05:32:44,04:07:10,11:04:51,---,Ironman 140.6,Zurich,Switzerland,Europe,M,2011,20110710,switzerland,35-39
"Losa, Matteo",ITA,111,432,461,01:06:05,05:54:14,03:55:57,11:06:20,---,Ironman 140.6,Zurich,Switzerland,Europe,M,2011,20110710,switzerland,35-39
"Vallner, David",EST,112,433,462,01:06:05,05:58:58,03:54:40,11:06:29,---,Ironman 140.6,Zurich,Switzerland,Europe,M,2011,20110710,switzerland,35-39
"De Coster, David",BEL,114,442,474,01:08:30,05:31:57,04:21:55,11:07:58,---,Ironman 140.6,Zurich,Switzerland,Europe,M,2011,20110710,switzerland,35-39
"Schmucki, Patrik",CHE,115,445,477,01:30:28,05:39:50,03:51:02,11:08:03,---,Ironman 140.6,Zurich,Switzerland,Europe,M,2011,20110710,switzerland,35-39
"Sandretti, Riccardo",ITA,117,448,483,01:25:05,05:45:27,03:49:51,11:09:03,---,Ironman 140.6,Zurich,Switzerland,Europe,M,2011,20110710,switzerland,35-39
"Ramirez Sanchez, Oscar",ESP,118,452,489,01:21:40,06:01:19,03:41:06,11:10:11,---,Ironman 140.6,Zurich,Switzerland,Europe,M,2011,20110710,switzerland,35-39
"De La Rica, Jaime",ESP,119,454,491,01:03:07,05:55:32,04:03:48,11:10:26,---,Ironman 140.6,Zurich,Switzerland,Europe,M,2011,20110710,switzerland,35-39
"Killen, David",IRL,120,456,494,01:10:45,05:52:19,04:02:07,11:10:50,---,Ironman 140.6,Zurich,Switzerland,Europe,M,2011,20110710,switzerland,35-39
"Purcell, Sean",GBR,121,458,496,01:14:28,05:55:31,03:54:15,11:10:59,---,Ironman 140.6,Zurich,Switzerland,Europe,M,2011,20110710,switzerland,35-39
"Fresco, Aitor",ESP,122,459,497,01:07:30,06:00:12,03:58:17,11:11:01,---,Ironman 140.6,Zurich,Switzerland,Europe,M,2011,20110710,switzerland,35-39
"Frame, Richard",GBR,123,464,502,00:59:47,05:52:32,04:13:48,11:11:30,---,Ironman 140.6,Zurich,Switzerland,Europe,M,2011,20110710,switzerland,35-39
"Murnaghan, Mark",GBR,124,465,503,01:05:02,06:01:47,03:58:05,11:11:35,---,Ironman 140.6,Zurich,Switzerland,Europe,M,2011,20110710,switzerland,35-39
"Christe, Romain",CHE,125,472,510,01:03:36,05:24:24,04:40:39,11:12:38,---,Ironman 140.6,Zurich,Switzerland,Europe,M,2011,20110710,switzerland,35-39
"Altorfer, Sven",CHE,126,474,512,01:15:11,05:37:27,04:15:25,11:12:44,---,Ironman 140.6,Zurich,Switzerland,Europe,M,2011,20110710,switzerland,35-39
"Von Bresinski, Ronny",DEU,127,476,514,01:14:35,05:45:22,04:07:45,11:13:15,---,Ironman 140.6,Zurich,Switzerland,Europe,M,2011,20110710,switzerland,35-39
"Brouard, Loic",DEU,128,478,516,01:07:51,05:41:07,04:19:21,11:13:22,---,Ironman 140.6,Zurich,Switzerland,Europe,M,2011,20110710,switzerland,35-39
"Orozco Reyes, Hugo",CAN,129,479,517,01:18:58,06:09:59,03:41:52,11:13:45,---,Ironman 140.6,Zurich,Switzerland,Europe,M,2011,20110710,switzerland,35-39
"Neri, Filippo",CHE,130,489,528,01:10:39,05:59:03,04:00:49,11:15:04,---,Ironman 140.6,Zurich,Switzerland,Europe,M,2011,20110710,switzerland,35-39
"Zagnoli, Federico",ITA,131,496,535,01:06:40,05:50:33,04:14:57,11:16:15,---,Ironman 140.6,Zurich,Switzerland,Europe,M,2011,20110710,switzerland,35-39
"Cruz Pena, Diego",ESP,132,499,539,01:22:39,06:04:31,03:36:59,11:17:15,---,Ironman 140.6,Zurich,Switzerland,Europe,M,2011,20110710,switzerland,35-39
"Vivancos, Sergio",ESP,133,502,542,01:23:11,05:34:24,04:12:44,11:17:39,---,Ironman 140.6,Zurich,Switzerland,Europe,M,2011,20110710,switzerland,35-39
"Sala, Moris",ITA,134,510,550,01:02:30,06:22:04,03:46:24,11:19:15,---,Ironman 140.6,Zurich,Switzerland,Europe,M,2011,20110710,switzerland,35-39
"Trachsler, Hansruedi",CHE,135,515,555,01:12:34,05:58:05,04:00:03,11:19:40,---,Ironman 140.6,Zurich,Switzerland,Europe,M,2011,20110710,switzerland,35-39
"Heslin, Chris",USA,136,525,567,01:08:42,05:51:22,04:13:23,11:21:42,---,Ironman 140.6,Zurich,Switzerland,Europe,M,2011,20110710,switzerland,35-39
"Veschi, Danilo",ITA,137,526,568,01:10:41,06:02:57,04:03:05,11:21:47,---,Ironman 140.6,Zurich,Switzerland,Europe,M,2011,20110710,switzerland,35-39
"Burrows, Keith",GBR,138,540,584,01:17:44,06:04:37,03:53:02,11:24:27,---,Ironman 140.6,Zurich,Switzerland,Europe,M,2011,20110710,switzerland,35-39
"Langridge, David",GBR,139,544,588,01:21:11,05:51:04,04:06:53,11:24:48,---,Ironman 140.6,Zurich,Switzerland,Europe,M,2011,20110710,switzerland,35-39
"Montiel Fernandez, Jose",ESP,140,552,596,01:16:44,06:00:03,04:03:53,11:26:41,---,Ironman 140.6,Zurich,Switzerland,Europe,M,2011,20110710,switzerland,35-39
"Schmid, Marco",CHE,141,556,600,01:14:58,05:32:50,04:35:22,11:27:26,---,Ironman 140.6,Zurich,Switzerland,Europe,M,2011,20110710,switzerland,35-39
"Goulas, Vassileios",GRC,142,558,602,01:30:25,05:58:36,03:54:00,11:27:50,---,Ironman 140.6,Zurich,Switzerland,Europe,M,2011,20110710,switzerland,35-39
"Bolling, Stefan",SWE,145,566,614,01:09:46,06:01:06,04:12:30,11:29:31,---,Ironman 140.6,Zurich,Switzerland,Europe,M,2011,20110710,switzerland,35-39
"Beauvir, Marc",CHE,146,570,618,01:18:02,06:07:11,03:58:41,11:30:20,---,Ironman 140.6,Zurich,Switzerland,Europe,M,2011,20110710,switzerland,35-39
"Stremsdoerfer, Mathieu",CHE,148,576,627,01:14:30,05:46:54,04:24:36,11:32:32,---,Ironman 140.6,Zurich,Switzerland,Europe,M,2011,20110710,switzerland,35-39
"Connor, Richard",GBR,149,577,628,01:28:05,06:00:09,03:59:54,11:32:33,---,Ironman 140.6,Zurich,Switzerland,Europe,M,2011,20110710,switzerland,35-39
"Fox, David",DEU,150,580,631,01:18:19,06:02:17,03:53:01,11:32:53,---,Ironman 140.6,Zurich,Switzerland,Europe,M,2011,20110710,switzerland,35-39
"Catt, Dave",AUS,151,583,635,01:00:09,05:37:45,04:52:11,11:33:27,---,Ironman 140.6,Zurich,Switzerland,Europe,M,2011,20110710,switzerland,35-39
"Marszalek, Slawomir",POL,152,590,642,01:26:47,06:16:33,03:43:31,11:34:34,---,Ironman 140.6,Zurich,Switzerland,Europe,M,2011,20110710,switzerland,35-39
"Sechaud, Bernard",SGP,153,592,644,01:13:34,05:56:35,04:16:44,11:35:04,---,Ironman 140.6,Zurich,Switzerland,Europe,M,2011,20110710,switzerland,35-39
"Garc A Salas, Juan Carlos",MEX,154,593,645,01:07:28,06:24:40,03:58:38,11:35:37,---,Ironman 140.6,Zurich,Switzerland,Europe,M,2011,20110710,switzerland,35-39
"Bordet, Roland",FRA,155,595,647,01:13:51,06:14:17,04:03:30,11:35:56,---,Ironman 140.6,Zurich,Switzerland,Europe,M,2011,20110710,switzerland,35-39
"Noyes, David",GBR,156,601,654,01:06:18,06:17:12,04:07:50,11:37:09,---,Ironman 140.6,Zurich,Switzerland,Europe,M,2011,20110710,switzerland,35-39
"Segerson, Nathan",USA,158,614,668,01:16:55,06:04:45,04:10:40,11:38:43,---,Ironman 140.6,Zurich,Switzerland,Europe,M,2011,20110710,switzerland,35-39
"Cox, Andy",GBR,159,629,683,01:19:41,06:05:15,04:10:08,11:41:15,---,Ironman 140.6,Zurich,Switzerland,Europe,M,2011,20110710,switzerland,35-39
"Hagger, Greg",GBR,161,631,686,01:16:59,06:01:58,04:15:40,11:41:36,---,Ironman 140.6,Zurich,Switzerland,Europe,M,2011,20110710,switzerland,35-39
"O Sullivan, Pauraic",IRL,163,639,695,01:17:00,06:32:25,03:40:49,11:42:53,---,Ironman 140.6,Zurich,Switzerland,Europe,M,2011,20110710,switzerland,35-39
"Rohde, Thomas",ESP,164,646,702,01:13:27,06:27:47,03:57:46,11:44:00,---,Ironman 140.6,Zurich,Switzerland,Europe,M,2011,20110710,switzerland,35-39
"Völz, Mathias",DEU,165,648,704,01:05:03,05:41:28,04:53:38,11:44:13,---,Ironman 140.6,Zurich,Switzerland,Europe,M,2011,20110710,switzerland,35-39
"Wieder, Michael",AUT,167,657,715,01:13:51,05:45:38,04:40:48,11:45:14,---,Ironman 140.6,Zurich,Switzerland,Europe,M,2011,20110710,switzerland,35-39
"Castres, Olivier",FRA,168,663,723,01:22:13,06:20:59,03:54:17,11:46:37,---,Ironman 140.6,Zurich,Switzerland,Europe,M,2011,20110710,switzerland,35-39
"Kreis, Pablo",CHE,169,665,725,01:24:09,06:00:21,04:14:20,11:46:43,---,Ironman 140.6,Zurich,Switzerland,Europe,M,2011,20110710,switzerland,35-39
"Müller, Stephan",CHE,170,666,726,01:18:00,05:35:53,04:46:26,11:46:52,---,Ironman 140.6,Zurich,Switzerland,Europe,M,2011,20110710,switzerland,35-39
"Bakhtiar, Pasha",CHE,171,672,733,01:16:28,06:17:24,04:05:35,11:47:37,---,Ironman 140.6,Zurich,Switzerland,Europe,M,2011,20110710,switzerland,35-39
"Grigoriou, Chris",CHE,172,674,735,01:17:37,05:57:12,04:29:46,11:48:12,---,Ironman 140.6,Zurich,Switzerland,Europe,M,2011,20110710,switzerland,35-39
"Baumann, Christian",CHE,173,677,740,01:23:32,05:54:58,04:10:35,11:49:03,---,Ironman 140.6,Zurich,Switzerland,Europe,M,2011,20110710,switzerland,35-39
"Gaspar, Gabor",CHE,174,678,741,01:16:42,05:56:59,04:30:24,11:49:05,---,Ironman 140.6,Zurich,Switzerland,Europe,M,2011,20110710,switzerland,35-39
"Ballados, Patricio",MEX,175,681,744,01:14:46,06:13:08,04:11:41,11:49:23,---,Ironman 140.6,Zurich,Switzerland,Europe,M,2011,20110710,switzerland,35-39
"Rossel, Frederic",CHE,176,682,745,01:16:57,06:24:20,04:00:09,11:49:31,---,Ironman 140.6,Zurich,Switzerland,Europe,M,2011,20110710,switzerland,35-39
"Miklos, Perczel",HUN,177,684,748,01:17:19,06:06:34,04:20:47,11:49:46,---,Ironman 140.6,Zurich,Switzerland,Europe,M,2011,20110710,switzerland,35-39
"Kim, Kevin",GBR,178,685,750,01:16:31,06:40:17,03:44:26,11:49:52,---,Ironman 140.6,Zurich,Switzerland,Europe,M,2011,20110710,switzerland,35-39
"Knight, James",GBR,179,687,752,01:30:56,06:24:21,03:44:57,11:50:00,---,Ironman 140.6,Zurich,Switzerland,Europe,M,2011,20110710,switzerland,35-39
"Sans Soler, David",ESP,180,691,756,01:19:17,06:32:49,03:50:27,11:50:21,---,Ironman 140.6,Zurich,Switzerland,Europe,M,2011,20110710,switzerland,35-39
"Huille, Matthieu",GBR,181,697,763,01:25:50,06:05:17,04:13:53,11:51:18,---,Ironman 140.6,Zurich,Switzerland,Europe,M,2011,20110710,switzerland,35-39
"Holloway, Greg",GBR,182,701,767,01:12:47,05:53:57,04:35:42,11:51:52,---,Ironman 140.6,Zurich,Switzerland,Europe,M,2011,20110710,switzerland,35-39
"Aldinger, Kai Peter",DEU,183,702,768,01:10:24,05:36:22,04:55:02,11:51:58,---,Ironman 140.6,Zurich,Switzerland,Europe,M,2011,20110710,switzerland,35-39
"Lopez Cambra, Jose Ramon",ESP,184,703,769,01:10:48,05:58:01,04:34:45,11:52:00,---,Ironman 140.6,Zurich,Switzerland,Europe,M,2011,20110710,switzerland,35-39
"Bueno Gallego, Juan Manuel",---,185,709,775,01:24:20,06:12:35,04:07:33,11:53:17,---,Ironman 140.6,Zurich,Switzerland,Europe,M,2011,20110710,switzerland,35-39
"Salcher, Christian",AUT,186,716,782,01:22:54,05:47:03,04:35:55,11:54:17,---,Ironman 140.6,Zurich,Switzerland,Europe,M,2011,20110710,switzerland,35-39
"Muggli, Lukas",CHE,187,717,784,01:11:45,06:09:31,04:26:40,11:54:25,---,Ironman 140.6,Zurich,Switzerland,Europe,M,2011,20110710,switzerland,35-39
"De Wilde, Tom",BEL,188,719,786,01:28:20,05:54:11,04:26:25,11:55:32,---,Ironman 140.6,Zurich,Switzerland,Europe,M,2011,20110710,switzerland,35-39
"Desbat, Vincent",FRA,189,725,793,01:11:29,06:03:09,04:36:30,11:56:42,---,Ironman 140.6,Zurich,Switzerland,Europe,M,2011,20110710,switzerland,35-39
"Nunes, José Manuel",PRT,190,733,803,01:17:52,06:10:04,04:24:30,11:57:54,---,Ironman 140.6,Zurich,Switzerland,Europe,M,2011,20110710,switzerland,35-39
"James, Simon",GBR,191,737,807,01:18:39,06:29:04,04:00:37,11:58:14,---,Ironman 140.6,Zurich,Switzerland,Europe,M,2011,20110710,switzerland,35-39
"Bartel, Marco",CHE,194,745,818,01:14:26,06:08:51,04:29:58,11:59:16,---,Ironman 140.6,Zurich,Switzerland,Europe,M,2011,20110710,switzerland,35-39
"Colombo, Marco",ITA,195,751,827,01:10:47,06:00:32,04:43:35,11:59:59,---,Ironman 140.6,Zurich,Switzerland,Europe,M,2011,20110710,switzerland,35-39
"Woltersdorf, Norman",DEU,196,758,834,01:20:43,06:05:03,04:31:04,12:01:58,---,Ironman 140.6,Zurich,Switzerland,Europe,M,2011,20110710,switzerland,35-39
"Blasco, Fernando",ESP,198,761,838,01:21:48,06:21:07,04:12:12,12:02:37,---,Ironman 140.6,Zurich,Switzerland,Europe,M,2011,20110710,switzerland,35-39
"Amstad, Aslan",CHE,200,770,849,01:34:20,06:04:22,04:17:39,12:04:09,---,Ironman 140.6,Zurich,Switzerland,Europe,M,2011,20110710,switzerland,35-39
"Scherrer, Migg",CHE,201,775,854,01:27:30,06:03:11,04:27:37,12:05:16,---,Ironman 140.6,Zurich,Switzerland,Europe,M,2011,20110710,switzerland,35-39
"Bosch, Aubrey",ZAF,202,778,858,01:14:23,06:07:10,04:37:15,12:05:42,---,Ironman 140.6,Zurich,Switzerland,Europe,M,2011,20110710,switzerland,35-39
"Heatherington, John",GBR,203,782,862,01:07:53,06:28:33,04:21:07,12:06:37,---,Ironman 140.6,Zurich,Switzerland,Europe,M,2011,20110710,switzerland,35-39
"James, Tim",GBR,204,783,863,01:11:23,06:21:31,04:20:23,12:06:56,---,Ironman 140.6,Zurich,Switzerland,Europe,M,2011,20110710,switzerland,35-39
"Kadlec, Jakub",GBR,205,785,865,01:29:11,06:22:08,04:10:20,12:07:14,---,Ironman 140.6,Zurich,Switzerland,Europe,M,2011,20110710,switzerland,35-39
"Moore, Seamus",IRL,206,787,867,01:13:14,06:36:27,04:05:36,12:07:56,---,Ironman 140.6,Zurich,Switzerland,Europe,M,2011,20110710,switzerland,35-39
"Van De Putte, Sven",LUX,207,805,888,01:27:22,06:14:00,04:15:14,12:11:37,---,Ironman 140.6,Zurich,Switzerland,Europe,M,2011,20110710,switzerland,35-39
"Walshe, Paul",GBR,208,808,892,01:12:09,06:17:25,04:39:11,12:12:13,---,Ironman 140.6,Zurich,Switzerland,Europe,M,2011,20110710,switzerland,35-39
"Lützelschwab, Markus",CHE,209,815,900,01:11:58,06:00:39,04:52:04,12:13:26,---,Ironman 140.6,Zurich,Switzerland,Europe,M,2011,20110710,switzerland,35-39
"Leake, Stuart",GBR,210,819,904,01:06:19,05:45:57,05:15:50,12:13:42,---,Ironman 140.6,Zurich,Switzerland,Europe,M,2011,20110710,switzerland,35-39
"Ogier, Nicolas",FRA,211,820,905,01:21:25,06:31:18,04:00:51,12:13:43,---,Ironman 140.6,Zurich,Switzerland,Europe,M,2011,20110710,switzerland,35-39
"Oster, Martin",CHE,212,823,909,01:17:38,06:15:33,04:31:11,12:13:50,---,Ironman 140.6,Zurich,Switzerland,Europe,M,2011,20110710,switzerland,35-39
"Jacober, David",---,214,828,916,01:31:15,05:51:59,04:45:17,12:14:32,---,Ironman 140.6,Zurich,Switzerland,Europe,M,2011,20110710,switzerland,35-39
"Jaussi, Lars",---,215,829,917,01:42:59,06:14:35,04:08:30,12:14:33,---,Ironman 140.6,Zurich,Switzerland,Europe,M,2011,20110710,switzerland,35-39
"Pea, Johan",CHE,216,830,918,01:15:22,06:24:42,04:26:57,12:15:03,---,Ironman 140.6,Zurich,Switzerland,Europe,M,2011,20110710,switzerland,35-39
"Andrews, Justin",USA,217,834,922,01:13:38,05:34:39,05:23:37,12:15:44,---,Ironman 140.6,Zurich,Switzerland,Europe,M,2011,20110710,switzerland,35-39
"Erdin, Manuel",CHE,218,852,942,01:23:55,06:23:00,04:25:05,12:18:58,---,Ironman 140.6,Zurich,Switzerland,Europe,M,2011,20110710,switzerland,35-39
"Worst, Sander",NLD,219,856,946,01:15:45,06:07:29,04:47:04,12:19:11,---,Ironman 140.6,Zurich,Switzerland,Europe,M,2011,20110710,switzerland,35-39
"gavish, matan",ISR,220,859,949,01:23:42,06:19:19,04:28:23,12:19:25,---,Ironman 140.6,Zurich,Switzerland,Europe,M,2011,20110710,switzerland,35-39
"Scott, Phylip",GBR,221,863,953,01:16:26,06:23:47,04:27:55,12:20:12,---,Ironman 140.6,Zurich,Switzerland,Europe,M,2011,20110710,switzerland,35-39
"Schwarz, Christian",DEU,222,864,954,01:29:54,06:34:15,04:10:11,12:20:21,---,Ironman 140.6,Zurich,Switzerland,Europe,M,2011,20110710,switzerland,35-39
"Stomps, Michael",CYM,223,865,955,01:18:14,05:59:25,04:54:58,12:20:40,---,Ironman 140.6,Zurich,Switzerland,Europe,M,2011,20110710,switzerland,35-39
"Gonzalez Moriano, Jose",ESP,224,873,963,01:25:35,06:44:35,04:05:55,12:21:59,---,Ironman 140.6,Zurich,Switzerland,Europe,M,2011,20110710,switzerland,35-39
"Stenflo, Daniel",SWE,225,874,964,01:21:51,06:11:05,04:39:19,12:22:12,---,Ironman 140.6,Zurich,Switzerland,Europe,M,2011,20110710,switzerland,35-39
"Jeppesen, Morten",DNK,226,878,968,01:24:05,06:29:01,04:21:09,12:23:10,---,Ironman 140.6,Zurich,Switzerland,Europe,M,2011,20110710,switzerland,35-39
"Tilley, Adrian",GBR,227,880,970,01:25:27,06:28:00,04:20:09,12:23:22,---,Ironman 140.6,Zurich,Switzerland,Europe,M,2011,20110710,switzerland,35-39
"Bollinger, Beat",CHE,230,886,980,01:22:50,06:20:13,04:35:27,12:25:52,---,Ironman 140.6,Zurich,Switzerland,Europe,M,2011,20110710,switzerland,35-39
"Cordey, Pierre-Yves",CHE,231,888,983,01:03:08,06:06:10,05:02:11,12:26:20,---,Ironman 140.6,Zurich,Switzerland,Europe,M,2011,20110710,switzerland,35-39
"Blake-Pead, Matthew",GBR,232,892,987,01:16:30,06:42:20,04:20:12,12:27:08,---,Ironman 140.6,Zurich,Switzerland,Europe,M,2011,20110710,switzerland,35-39
"Bühler, Marc",CHE,234,907,1007,01:34:30,06:22:42,04:27:09,12:30:56,---,Ironman 140.6,Zurich,Switzerland,Europe,M,2011,20110710,switzerland,35-39
"Cohen, Ronen",ISR,235,914,1015,01:25:44,06:16:37,04:41:31,12:32:14,---,Ironman 140.6,Zurich,Switzerland,Europe,M,2011,20110710,switzerland,35-39
"Bosch, Miguel",MEX,236,915,1016,01:14:46,06:30:39,04:31:18,12:32:16,---,Ironman 140.6,Zurich,Switzerland,Europe,M,2011,20110710,switzerland,35-39
"Langridge, Jamie",CHE,237,918,1020,01:18:09,06:41:23,04:25:45,12:32:42,---,Ironman 140.6,Zurich,Switzerland,Europe,M,2011,20110710,switzerland,35-39
"Umaña, Victor",CHE,238,919,1021,01:18:21,06:48:29,04:19:03,12:32:46,---,Ironman 140.6,Zurich,Switzerland,Europe,M,2011,20110710,switzerland,35-39
"Gomez Noya, Salva",ESP,239,920,1022,01:13:16,06:16:56,04:54:46,12:32:52,---,Ironman 140.6,Zurich,Switzerland,Europe,M,2011,20110710,switzerland,35-39
"Garnier-Salvi, Vincent",HUN,240,928,1031,01:17:38,06:45:13,04:25:12,12:34:15,---,Ironman 140.6,Zurich,Switzerland,Europe,M,2011,20110710,switzerland,35-39
"Bäumler, Martin",LUX,241,940,1044,01:43:12,06:14:43,04:28:46,12:36:42,---,Ironman 140.6,Zurich,Switzerland,Europe,M,2011,20110710,switzerland,35-39
"Zahut, Shai",ISR,242,956,1063,01:26:13,06:45:04,04:19:40,12:41:16,---,Ironman 140.6,Zurich,Switzerland,Europe,M,2011,20110710,switzerland,35-39
"Allemann, Dominik",CHE,243,970,1078,01:28:24,06:16:14,04:49:11,12:43:33,---,Ironman 140.6,Zurich,Switzerland,Europe,M,2011,20110710,switzerland,35-39
"Verdoodt, Kris",BEL,244,971,1079,01:33:15,06:52:17,04:02:45,12:43:44,---,Ironman 140.6,Zurich,Switzerland,Europe,M,2011,20110710,switzerland,35-39
"Smith, Nigel",GBR,245,972,1080,01:25:37,06:19:29,04:47:04,12:44:00,---,Ironman 140.6,Zurich,Switzerland,Europe,M,2011,20110710,switzerland,35-39
"Pastor, Richard",ESP,247,979,1090,01:35:55,06:09:09,04:52:24,12:44:51,---,Ironman 140.6,Zurich,Switzerland,Europe,M,2011,20110710,switzerland,35-39
"Gächter, Patrick",CHE,248,981,1092,01:22:54,06:19:00,04:59:17,12:45:06,---,Ironman 140.6,Zurich,Switzerland,Europe,M,2011,20110710,switzerland,35-39
"Roost, Thomas",CHE,249,983,1094,01:16:21,06:07:05,05:17:12,12:45:19,---,Ironman 140.6,Zurich,Switzerland,Europe,M,2011,20110710,switzerland,35-39
"Heke, Aiden",GBR,250,986,1097,01:13:43,06:21:04,05:01:57,12:45:48,---,Ironman 140.6,Zurich,Switzerland,Europe,M,2011,20110710,switzerland,35-39
"Smith, Stephen",GBR,251,987,1098,01:25:44,06:49:50,04:20:04,12:45:55,---,Ironman 140.6,Zurich,Switzerland,Europe,M,2011,20110710,switzerland,35-39
"Otero, Bruno",USA,252,990,1101,01:00:13,06:42:09,04:55:32,12:46:08,---,Ironman 140.6,Zurich,Switzerland,Europe,M,2011,20110710,switzerland,35-39
"Curras, Pablo",ESP,253,992,1103,01:19:55,06:17:44,05:02:03,12:46:27,---,Ironman 140.6,Zurich,Switzerland,Europe,M,2011,20110710,switzerland,35-39
"Key, Matthew",CHE,254,1001,1115,01:30:36,06:30:10,04:36:43,12:48:12,---,Ironman 140.6,Zurich,Switzerland,Europe,M,2011,20110710,switzerland,35-39
"Roberts-Cope, Robert",GBR,255,1008,1124,01:11:22,06:36:16,04:56:17,12:49:59,---,Ironman 140.6,Zurich,Switzerland,Europe,M,2011,20110710,switzerland,35-39
"Métral, Yannick",CHE,256,1015,1131,01:13:23,06:31:02,04:53:15,12:51:43,---,Ironman 140.6,Zurich,Switzerland,Europe,M,2011,20110710,switzerland,35-39
"Garcia Tapia, Erik",MEX,257,1018,1134,01:16:31,06:39:10,04:48:26,12:52:06,---,Ironman 140.6,Zurich,Switzerland,Europe,M,2011,20110710,switzerland,35-39
"Vazquez, David",ESP,258,1019,1136,01:27:43,06:45:23,04:31:30,12:52:31,---,Ironman 140.6,Zurich,Switzerland,Europe,M,2011,20110710,switzerland,35-39
"Greaves, Jonathan",GBR,259,1033,1151,01:44:22,06:10:14,04:54:12,12:55:24,---,Ironman 140.6,Zurich,Switzerland,Europe,M,2011,20110710,switzerland,35-39
"Lazzarini, Matteo",ITA,263,1043,1165,01:14:12,06:17:25,05:20:24,12:59:40,---,Ironman 140.6,Zurich,Switzerland,Europe,M,2011,20110710,switzerland,35-39
"Cakmak, Kerim",TUR,264,1050,1172,01:14:58,07:02:40,04:31:07,13:00:05,---,Ironman 140.6,Zurich,Switzerland,Europe,M,2011,20110710,switzerland,35-39
"Scott, Bruce",GBR,267,1062,1186,01:22:32,06:44:11,04:39:26,13:05:19,---,Ironman 140.6,Zurich,Switzerland,Europe,M,2011,20110710,switzerland,35-39
"Barker, Robin",GBR,268,1064,1188,01:21:43,07:02:05,04:30:48,13:05:35,---,Ironman 140.6,Zurich,Switzerland,Europe,M,2011,20110710,switzerland,35-39
"Mainini, Riccardo",ITA,270,1087,1215,01:22:04,06:35:35,05:00:31,13:10:46,---,Ironman 140.6,Zurich,Switzerland,Europe,M,2011,20110710,switzerland,35-39
"Escudero Rodelas, David",ESP,271,1093,1222,01:26:49,06:52:47,04:37:55,13:12:19,---,Ironman 140.6,Zurich,Switzerland,Europe,M,2011,20110710,switzerland,35-39
"Mohring, Stephan",CHE,272,1096,1229,01:22:26,06:41:01,04:52:35,13:14:13,---,Ironman 140.6,Zurich,Switzerland,Europe,M,2011,20110710,switzerland,35-39
"Pead, Simon",GBR,273,1097,1230,01:10:10,06:54:21,05:00:14,13:14:22,---,Ironman 140.6,Zurich,Switzerland,Europe,M,2011,20110710,switzerland,35-39
"Kim, Alan",GBR,274,1099,1232,01:26:21,06:53:15,04:46:25,13:16:30,---,Ironman 140.6,Zurich,Switzerland,Europe,M,2011,20110710,switzerland,35-39
"Lawrence, Lee",GBR,275,1106,1239,01:30:42,06:57:41,04:39:42,13:18:52,---,Ironman 140.6,Zurich,Switzerland,Europe,M,2011,20110710,switzerland,35-39
"Dunleavy, David",USA,276,1120,1253,01:18:45,06:36:13,05:20:45,13:22:10,---,Ironman 140.6,Zurich,Switzerland,Europe,M,2011,20110710,switzerland,35-39
"Smith, Selwyn",GBR,277,1121,1254,01:12:49,06:54:47,05:01:21,13:22:18,---,Ironman 140.6,Zurich,Switzerland,Europe,M,2011,20110710,switzerland,35-39
"Shay, Adi",ISR,278,1128,1263,01:09:53,06:36:59,05:27:12,13:24:22,---,Ironman 140.6,Zurich,Switzerland,Europe,M,2011,20110710,switzerland,35-39
"Nåhem, Kristoffer",CHE,279,1131,1266,02:01:40,06:38:34,04:31:24,13:24:40,---,Ironman 140.6,Zurich,Switzerland,Europe,M,2011,20110710,switzerland,35-39
"Botha, Jaco",CHE,280,1134,1269,01:31:54,06:38:06,05:01:32,13:25:15,---,Ironman 140.6,Zurich,Switzerland,Europe,M,2011,20110710,switzerland,35-39
"Olsson, Thomas",SWE,281,1135,1270,01:15:40,06:27:48,05:37:54,13:25:31,---,Ironman 140.6,Zurich,Switzerland,Europe,M,2011,20110710,switzerland,35-39
"Ofer, Effi",ISR,282,1136,1271,01:26:01,07:19:20,04:19:35,13:25:52,---,Ironman 140.6,Zurich,Switzerland,Europe,M,2011,20110710,switzerland,35-39
"Izquierdo, Rogelio",MEX,283,1146,1281,01:18:58,06:19:01,05:43:25,13:29:33,---,Ironman 140.6,Zurich,Switzerland,Europe,M,2011,20110710,switzerland,35-39
"Chapman, Paul",AUS,284,1149,1284,01:43:16,06:59:49,04:38:12,13:29:38,---,Ironman 140.6,Zurich,Switzerland,Europe,M,2011,20110710,switzerland,35-39
"Canalonga, Claudio Cintra",BRA,286,1158,1298,01:17:47,06:58:19,05:07:43,13:32:41,---,Ironman 140.6,Zurich,Switzerland,Europe,M,2011,20110710,switzerland,35-39
"Cantatore, David",CHE,287,1159,1299,01:37:47,07:18:04,04:19:53,13:32:45,---,Ironman 140.6,Zurich,Switzerland,Europe,M,2011,20110710,switzerland,35-39
"Collins, Nick",GBR,288,1170,1312,01:28:30,06:38:46,05:16:21,13:35:49,---,Ironman 140.6,Zurich,Switzerland,Europe,M,2011,20110710,switzerland,35-39
"Martinez Suárez, Lucas",ESP,289,1172,1314,01:23:31,07:10:35,04:42:40,13:36:27,---,Ironman 140.6,Zurich,Switzerland,Europe,M,2011,20110710,switzerland,35-39
"Darke, Nigel",GBR,291,1184,1329,01:30:45,07:23:05,04:32:53,13:39:39,---,Ironman 140.6,Zurich,Switzerland,Europe,M,2011,20110710,switzerland,35-39
"Alfageme, Fernando Alvarez",CHE,292,1185,1331,01:29:28,07:47:24,04:09:53,13:40:01,---,Ironman 140.6,Zurich,Switzerland,Europe,M,2011,20110710,switzerland,35-39
"Juvin, Stephane",FRA,293,1198,1349,01:22:21,06:16:13,05:54:47,13:43:25,---,Ironman 140.6,Zurich,Switzerland,Europe,M,2011,20110710,switzerland,35-39
"Williams, Grant",GBR,294,1199,1351,01:21:36,06:57:16,05:17:29,13:44:27,---,Ironman 140.6,Zurich,Switzerland,Europe,M,2011,20110710,switzerland,35-39
"Prior, Craig",GBR,295,1201,1354,01:25:30,07:17:41,04:55:19,13:45:03,---,Ironman 140.6,Zurich,Switzerland,Europe,M,2011,20110710,switzerland,35-39
"Johnson, Alan",GBR,296,1202,1355,01:20:26,06:54:13,05:16:17,13:45:23,---,Ironman 140.6,Zurich,Switzerland,Europe,M,2011,20110710,switzerland,35-39
"Mouheb, Hassan",CHE,297,1205,1358,01:52:51,07:13:48,04:28:38,13:45:51,---,Ironman 140.6,Zurich,Switzerland,Europe,M,2011,20110710,switzerland,35-39
"Huille, Alexandre",FRA,299,1223,1379,01:22:02,06:36:42,05:45:24,13:51:29,---,Ironman 140.6,Zurich,Switzerland,Europe,M,2011,20110710,switzerland,35-39
"Colomo Cruz, Toni",ESP,301,1231,1392,01:17:58,07:02:34,05:20:34,13:54:43,---,Ironman 140.6,Zurich,Switzerland,Europe,M,2011,20110710,switzerland,35-39
"Alvarez Lago, Saul",SGP,303,1239,1402,01:30:09,07:02:32,05:14:49,13:58:52,---,Ironman 140.6,Zurich,Switzerland,Europe,M,2011,20110710,switzerland,35-39
"Miller, Garth",GBR,304,1240,1403,01:46:32,06:54:03,05:06:38,13:59:15,---,Ironman 140.6,Zurich,Switzerland,Europe,M,2011,20110710,switzerland,35-39
"Oliach, Michaël",FRA,305,1242,1405,01:21:57,06:57:01,05:29:06,14:00:00,---,Ironman 140.6,Zurich,Switzerland,Europe,M,2011,20110710,switzerland,35-39
"Bourotte, Bourotte",BEL,307,1252,1416,01:34:19,06:58:09,05:21:31,14:03:47,---,Ironman 140.6,Zurich,Switzerland,Europe,M,2011,20110710,switzerland,35-39
"André, Olivier",BEL,308,1272,1438,01:18:28,06:44:01,06:01:38,14:13:10,---,Ironman 140.6,Zurich,Switzerland,Europe,M,2011,20110710,switzerland,35-39
"Sen, Umut",TUR,309,1273,1440,01:34:07,06:44:02,05:45:12,14:13:33,---,Ironman 140.6,Zurich,Switzerland,Europe,M,2011,20110710,switzerland,35-39
"Watkins, Jonathan",GBR,312,1287,1458,01:19:12,08:16:11,04:39:13,14:25:12,---,Ironman 140.6,Zurich,Switzerland,Europe,M,2011,20110710,switzerland,35-39
"Steagall, Gabriel",USA,313,1295,1471,01:44:45,07:15:29,05:21:29,14:30:10,---,Ironman 140.6,Zurich,Switzerland,Europe,M,2011,20110710,switzerland,35-39
"Dinner, David",CYM,314,1299,1475,01:38:45,07:01:43,05:34:15,14:30:31,---,Ironman 140.6,Zurich,Switzerland,Europe,M,2011,20110710,switzerland,35-39
"Lampiris, Vagelis",GRC,316,1310,1488,01:36:37,07:58:28,04:49:24,14:35:03,---,Ironman 140.6,Zurich,Switzerland,Europe,M,2011,20110710,switzerland,35-39
"Blake, David",GBR,317,1312,1490,01:21:11,07:15:49,05:49:07,14:36:15,---,Ironman 140.6,Zurich,Switzerland,Europe,M,2011,20110710,switzerland,35-39
"Laczi, Karoly",HUN,318,1318,1498,01:23:45,07:33:31,05:30:22,14:40:19,---,Ironman 140.6,Zurich,Switzerland,Europe,M,2011,20110710,switzerland,35-39
"Sigeholt, Per",SWE,319,1324,1505,01:33:13,07:18:00,05:32:46,14:46:02,---,Ironman 140.6,Zurich,Switzerland,Europe,M,2011,20110710,switzerland,35-39
"Holmes, Malcolm",GBR,320,1329,1512,01:44:11,07:18:14,05:21:03,14:50:17,---,Ironman 140.6,Zurich,Switzerland,Europe,M,2011,20110710,switzerland,35-39
"Dibley, Lee",GBR,321,1330,1513,01:40:45,07:29:14,05:21:03,14:50:17,---,Ironman 140.6,Zurich,Switzerland,Europe,M,2011,20110710,switzerland,35-39
"Menyaylo, Aleksey",RUS,322,1333,1516,01:19:21,08:03:44,05:08:32,14:52:02,---,Ironman 140.6,Zurich,Switzerland,Europe,M,2011,20110710,switzerland,35-39
"Abu Dagga, Samer",KWT,323,1335,1518,01:22:43,07:47:31,05:26:33,14:52:14,---,Ironman 140.6,Zurich,Switzerland,Europe,M,2011,20110710,switzerland,35-39
"Wieck, Robert",ROU,324,1337,1520,01:34:12,07:38:27,05:14:32,14:53:18,---,Ironman 140.6,Zurich,Switzerland,Europe,M,2011,20110710,switzerland,35-39
"Radovcic, Sergio",USA,326,1353,1542,01:44:30,08:00:15,05:18:26,15:13:20,---,Ironman 140.6,Zurich,Switzerland,Europe,M,2011,20110710,switzerland,35-39
"Zigliara, Max",SWE,327,1362,1552,01:42:03,07:36:59,05:51:31,15:18:47,---,Ironman 140.6,Zurich,Switzerland,Europe,M,2011,20110710,switzerland,35-39
"Bell, Andrew",CAN,328,1367,1558,---,---,15:21:57,15:21:57,---,Ironman 140.6,Zurich,Switzerland,Europe,M,2011,20110710,switzerland,35-39
"Berridge, Garth",GBR,329,1368,1559,01:54:14,08:01:36,05:12:32,15:22:31,---,Ironman 140.6,Zurich,Switzerland,Europe,M,2011,20110710,switzerland,35-39
"Fulton, Neil",GBR,330,1370,1561,01:16:38,07:55:21,05:49:03,15:23:38,---,Ironman 140.6,Zurich,Switzerland,Europe,M,2011,20110710,switzerland,35-39
"Bernardo, Nuno",PRT,332,1376,1568,01:45:06,07:51:30,05:30:09,15:28:39,---,Ironman 140.6,Zurich,Switzerland,Europe,M,2011,20110710,switzerland,35-39
"Alì, Michele",ITA,333,1380,1572,01:24:07,07:39:46,06:12:21,15:30:54,---,Ironman 140.6,Zurich,Switzerland,Europe,M,2011,20110710,switzerland,35-39
"Jermyn, Karl",GBR,334,1382,1574,01:37:26,07:17:39,06:26:46,15:33:06,---,Ironman 140.6,Zurich,Switzerland,Europe,M,2011,20110710,switzerland,35-39
"Gonzalez, Manuel",MEX,336,1388,1584,02:05:24,08:03:09,13:30:40,15:36:04,---,Ironman 140.6,Zurich,Switzerland,Europe,M,2011,20110710,switzerland,35-39
"Salandanan, Robin",PHL,339,1396,1598,01:40:09,08:31:59,05:27:36,15:51:41,---,Ironman 140.6,Zurich,Switzerland,Europe,M,2011,20110710,switzerland,35-39
"Azurmendi, Gorka",ESP,---,---,---,---,---,---,DNS,---,Ironman 140.6,Zurich,Switzerland,Europe,M,2011,20110710,switzerland,35-39
"Bagnasco, Filippo",ITA,---,---,---,---,---,---,DNS,---,Ironman 140.6,Zurich,Switzerland,Europe,M,2011,20110710,switzerland,35-39
"Barr, Stuart",GBR,---,---,---,---,---,---,DNS,---,Ironman 140.6,Zurich,Switzerland,Europe,M,2011,20110710,switzerland,35-39
"Bishop, Chad",GBR,---,---,---,---,---,---,DNS,---,Ironman 140.6,Zurich,Switzerland,Europe,M,2011,20110710,switzerland,35-39
"Blixth, Jens",SWE,---,---,---,01:12:32,05:15:33,---,DNF,---,Ironman 140.6,Zurich,Switzerland,Europe,M,2011,20110710,switzerland,35-39
"Böhler, Carsten",CHE,---,---,---,---,---,---,DNS,---,Ironman 140.6,Zurich,Switzerland,Europe,M,2011,20110710,switzerland,35-39
"Bollhalder, Kenneth",CHE,---,---,---,01:00:44,05:16:43,---,DNF,---,Ironman 140.6,Zurich,Switzerland,Europe,M,2011,20110710,switzerland,35-39
"Buerki, Frederic",CHE,---,---,---,01:22:30,06:00:06,---,DNF,---,Ironman 140.6,Zurich,Switzerland,Europe,M,2011,20110710,switzerland,35-39
"Calderon, Sergio",ESP,---,---,---,---,---,---,DNS,---,Ironman 140.6,Zurich,Switzerland,Europe,M,2011,20110710,switzerland,35-39
"Cleland, James",GBR,---,---,---,---,---,---,DNS,---,Ironman 140.6,Zurich,Switzerland,Europe,M,2011,20110710,switzerland,35-39
"Clequin, Christophe",FRA,---,---,---,01:06:47,05:40:04,---,DNF,---,Ironman 140.6,Zurich,Switzerland,Europe,M,2011,20110710,switzerland,35-39
"De Backer, Steven",BEL,---,---,---,---,---,---,DNS,---,Ironman 140.6,Zurich,Switzerland,Europe,M,2011,20110710,switzerland,35-39
"De Gobbi, Marco",GBR,---,---,---,01:09:32,05:23:14,03:31:24,DNF,---,Ironman 140.6,Zurich,Switzerland,Europe,M,2011,20110710,switzerland,35-39
"Del Vecchio, Francesco",ITA,---,---,---,---,---,---,DNS,---,Ironman 140.6,Zurich,Switzerland,Europe,M,2011,20110710,switzerland,35-39
"Dondlinger, John",CHE,---,---,---,---,---,---,DNS,---,Ironman 140.6,Zurich,Switzerland,Europe,M,2011,20110710,switzerland,35-39
"Dosso, Karl",FRA,---,---,---,---,---,---,DNS,---,Ironman 140.6,Zurich,Switzerland,Europe,M,2011,20110710,switzerland,35-39
"Dudle, Cornel",CHE,---,---,---,---,---,---,DNS,---,Ironman 140.6,Zurich,Switzerland,Europe,M,2011,20110710,switzerland,35-39
"Duna, Ron",CAN,---,---,---,02:05:37,09:30:46,---,DNF,---,Ironman 140.6,Zurich,Switzerland,Europe,M,2011,20110710,switzerland,35-39
"Enosh, Ben",ISR,---,---,---,---,---,---,DNS,---,Ironman 140.6,Zurich,Switzerland,Europe,M,2011,20110710,switzerland,35-39
"Escudero Rodelas, Indaleci",ESP,---,---,---,---,---,---,DNS,---,Ironman 140.6,Zurich,Switzerland,Europe,M,2011,20110710,switzerland,35-39
"Etterlin, Paolo",CHE,---,---,---,---,---,---,DNS,---,Ironman 140.6,Zurich,Switzerland,Europe,M,2011,20110710,switzerland,35-39
"Fernandez, Carlos",ESP,---,---,---,01:00:30,06:24:19,04:25:11,DNF,---,Ironman 140.6,Zurich,Switzerland,Europe,M,2011,20110710,switzerland,35-39
"Foudy, Peter",GBR,---,---,---,02:01:22,07:38:39,---,DNF,---,Ironman 140.6,Zurich,Switzerland,Europe,M,2011,20110710,switzerland,35-39
"Franke, Günther",DEU,---,---,---,01:10:04,05:24:00,---,DNF,---,Ironman 140.6,Zurich,Switzerland,Europe,M,2011,20110710,switzerland,35-39
"Friend, Gordon",GBR,---,---,---,---,---,---,DNS,---,Ironman 140.6,Zurich,Switzerland,Europe,M,2011,20110710,switzerland,35-39
"Guimarães, Pedro",BRA,---,---,---,01:18:09,06:31:18,---,DNF,---,Ironman 140.6,Zurich,Switzerland,Europe,M,2011,20110710,switzerland,35-39
"Hemmi, André",CHE,---,---,---,01:11:07,05:16:02,---,DNF,---,Ironman 140.6,Zurich,Switzerland,Europe,M,2011,20110710,switzerland,35-39
"Herrera, Jose Angel",ESP,---,---,---,01:12:01,---,---,DNF,---,Ironman 140.6,Zurich,Switzerland,Europe,M,2011,20110710,switzerland,35-39
"Hodgson, Matthew",GBR,---,---,---,---,---,---,DNS,---,Ironman 140.6,Zurich,Switzerland,Europe,M,2011,20110710,switzerland,35-39
"Hourdouillie, Boris",FRA,---,---,---,00:55:40,05:35:56,---,DNF,---,Ironman 140.6,Zurich,Switzerland,Europe,M,2011,20110710,switzerland,35-39
"Hutchinson, Alex",GBR,---,---,---,01:37:52,---,---,DNF,---,Ironman 140.6,Zurich,Switzerland,Europe,M,2011,20110710,switzerland,35-39
"Inglis, Cory",GBR,---,---,---,---,---,---,DNS,---,Ironman 140.6,Zurich,Switzerland,Europe,M,2011,20110710,switzerland,35-39
"Isaac, David",CHE,---,---,---,01:39:14,---,---,DNF,---,Ironman 140.6,Zurich,Switzerland,Europe,M,2011,20110710,switzerland,35-39
"Kasprowicz, Peter",GBR,---,---,---,01:37:36,---,---,DNF,---,Ironman 140.6,Zurich,Switzerland,Europe,M,2011,20110710,switzerland,35-39
"Knightsbridge, Damian",AUS,---,---,---,---,---,---,DNS,---,Ironman 140.6,Zurich,Switzerland,Europe,M,2011,20110710,switzerland,35-39
"Koch, Johann",CHE,---,---,---,01:03:35,05:23:35,---,DNF,---,Ironman 140.6,Zurich,Switzerland,Europe,M,2011,20110710,switzerland,35-39
"Leperchois, Olivier",FRA,---,---,---,01:30:25,06:46:46,---,DNF,---,Ironman 140.6,Zurich,Switzerland,Europe,M,2011,20110710,switzerland,35-39
"Lesseliers, Michel",BEL,---,---,---,---,---,---,DNS,---,Ironman 140.6,Zurich,Switzerland,Europe,M,2011,20110710,switzerland,35-39
"Liebhauser, Daniel",CHE,---,---,---,---,---,---,DNS,---,Ironman 140.6,Zurich,Switzerland,Europe,M,2011,20110710,switzerland,35-39
"Machot, Frederic",FRA,---,---,---,01:00:23,05:30:11,---,DNF,---,Ironman 140.6,Zurich,Switzerland,Europe,M,2011,20110710,switzerland,35-39
"Malano, Max",ITA,---,---,---,01:06:53,---,---,DNF,---,Ironman 140.6,Zurich,Switzerland,Europe,M,2011,20110710,switzerland,35-39
"Mantle, Sam",CHE,---,---,---,---,---,---,DNS,---,Ironman 140.6,Zurich,Switzerland,Europe,M,2011,20110710,switzerland,35-39
"Mathis, Anders",CHE,---,---,---,---,---,---,DNS,---,Ironman 140.6,Zurich,Switzerland,Europe,M,2011,20110710,switzerland,35-39
"Milhe-Colombain, Christophe",FRA,---,---,---,---,---,---,DNS,---,Ironman 140.6,Zurich,Switzerland,Europe,M,2011,20110710,switzerland,35-39
"Morton, Gary",GBR,---,---,---,---,---,---,DNS,---,Ironman 140.6,Zurich,Switzerland,Europe,M,2011,20110710,switzerland,35-39
"Muntean, Tiberiu",ROU,---,---,---,---,---,---,DNS,---,Ironman 140.6,Zurich,Switzerland,Europe,M,2011,20110710,switzerland,35-39
"Oetiker, Stephan",CHE,---,---,---,01:33:03,07:27:01,---,DNF,---,Ironman 140.6,Zurich,Switzerland,Europe,M,2011,20110710,switzerland,35-39
"Oiartzabal, Asier",ESP,---,---,---,01:05:55,---,---,DNF,---,Ironman 140.6,Zurich,Switzerland,Europe,M,2011,20110710,switzerland,35-39
"Petersons, Marcis",LVA,---,---,---,01:05:12,05:19:33,---,DNF,---,Ironman 140.6,Zurich,Switzerland,Europe,M,2011,20110710,switzerland,35-39
"Plé, Patrick",CHE,---,---,---,---,---,---,DNS,---,Ironman 140.6,Zurich,Switzerland,Europe,M,2011,20110710,switzerland,35-39
"Ramirez, Juan David",ESP,---,---,---,---,---,---,DNS,---,Ironman 140.6,Zurich,Switzerland,Europe,M,2011,20110710,switzerland,35-39
"Ruiz De Zárate, Aitor",ESP,---,---,---,01:13:12,06:57:13,---,DNF,---,Ironman 140.6,Zurich,Switzerland,Europe,M,2011,20110710,switzerland,35-39
"Russo, Bruno",CHE,---,---,---,01:12:14,---,---,DNF,---,Ironman 140.6,Zurich,Switzerland,Europe,M,2011,20110710,switzerland,35-39
"Rüst, Urs",CHE,---,---,---,---,---,---,DNS,---,Ironman 140.6,Zurich,Switzerland,Europe,M,2011,20110710,switzerland,35-39
"Schuler, Brido",CHE,---,---,---,01:10:08,04:45:49,03:08:22,DNF,---,Ironman 140.6,Zurich,Switzerland,Europe,M,2011,20110710,switzerland,35-39
"Schwarz, Marc",CHE,---,---,---,---,---,---,DNS,---,Ironman 140.6,Zurich,Switzerland,Europe,M,2011,20110710,switzerland,35-39
"Seeberger, Jens",DEU,---,---,---,---,---,---,DNS,---,Ironman 140.6,Zurich,Switzerland,Europe,M,2011,20110710,switzerland,35-39
"Seeberger, Reto",---,---,---,---,---,---,---,DNS,---,Ironman 140.6,Zurich,Switzerland,Europe,M,2011,20110710,switzerland,35-39
"Sikö, Pär",SWE,---,---,---,---,---,---,DNS,---,Ironman 140.6,Zurich,Switzerland,Europe,M,2011,20110710,switzerland,35-39
"Taddei, Cesare",ITA,---,---,---,01:14:00,---,---,DNF,---,Ironman 140.6,Zurich,Switzerland,Europe,M,2011,20110710,switzerland,35-39
"Tallant, Lionel",CHE,---,---,---,00:59:09,05:47:38,---,DNF,---,Ironman 140.6,Zurich,Switzerland,Europe,M,2011,20110710,switzerland,35-39
"Vergara, Patricio",ECU,---,---,---,---,---,---,DNS,---,Ironman 140.6,Zurich,Switzerland,Europe,M,2011,20110710,switzerland,35-39
"Vidonne, Xavier",---,---,---,---,01:06:25,05:11:37,---,DNF,---,Ironman 140.6,Zurich,Switzerland,Europe,M,2011,20110710,switzerland,35-39
"Von Bremen, Philipp",CHE,---,---,---,---,---,---,DNS,---,Ironman 140.6,Zurich,Switzerland,Europe,M,2011,20110710,switzerland,35-39
"Von Der Muehll, Peppi",CHE,---,---,---,01:24:58,---,---,DNF,---,Ironman 140.6,Zurich,Switzerland,Europe,M,2011,20110710,switzerland,35-39
"Woyke, Jens",DEU,---,---,---,---,---,---,DNS,---,Ironman 140.6,Zurich,Switzerland,Europe,M,2011,20110710,switzerland,35-39
"Zuazua, Fortunato",MEX,---,---,---,---,---,---,DNS,---,Ironman 140.6,Zurich,Switzerland,Europe,M,2011,20110710,switzerland,35-39
"Erat, Pablo",FIN,1,16,18,00:57:15,04:51:40,03:23:23,09:15:21,---,Ironman 140.6,Zurich,Switzerland,Europe,M,2011,20110710,switzerland,40-44
"Invernizzi, Bruno",CHE,2,18,20,00:55:13,05:16:21,03:01:38,09:16:05,---,Ironman 140.6,Zurich,Switzerland,Europe,M,2011,20110710,switzerland,40-44
"Stoffel, Richard",CHE,3,21,23,01:05:08,05:04:59,03:06:56,09:20:54,---,Ironman 140.6,Zurich,Switzerland,Europe,M,2011,20110710,switzerland,40-44
"Golliard, Christophe",CHE,4,26,28,01:02:00,05:08:21,03:11:26,09:24:19,---,Ironman 140.6,Zurich,Switzerland,Europe,M,2011,20110710,switzerland,40-44
"Klein, Corné",NLD,5,32,34,00:58:48,05:08:04,03:19:41,09:29:58,---,Ironman 140.6,Zurich,Switzerland,Europe,M,2011,20110710,switzerland,40-44
"Stephens, Reece",AUS,6,44,47,01:02:43,05:08:15,03:23:13,09:38:22,---,Ironman 140.6,Zurich,Switzerland,Europe,M,2011,20110710,switzerland,40-44
"Schmidt, Dirk",DEU,7,48,51,01:00:17,05:06:58,03:29:17,09:39:26,---,Ironman 140.6,Zurich,Switzerland,Europe,M,2011,20110710,switzerland,40-44
"Nuttall, Matthew",GBR,8,56,60,01:06:48,05:27:56,03:03:48,09:43:13,---,Ironman 140.6,Zurich,Switzerland,Europe,M,2011,20110710,switzerland,40-44
"Sikkema, Harry",NLD,9,57,61,00:58:39,05:13:38,03:27:45,09:43:28,---,Ironman 140.6,Zurich,Switzerland,Europe,M,2011,20110710,switzerland,40-44
"Stauble, Beat",---,10,69,73,01:06:16,05:13:50,03:25:37,09:48:38,---,Ironman 140.6,Zurich,Switzerland,Europe,M,2011,20110710,switzerland,40-44
"Lang, Alexander",DEU,11,71,75,01:03:38,05:07:56,03:35:15,09:49:35,---,Ironman 140.6,Zurich,Switzerland,Europe,M,2011,20110710,switzerland,40-44
"Ilg, Patric",CHE,12,75,79,00:59:10,05:17:42,03:29:54,09:50:38,---,Ironman 140.6,Zurich,Switzerland,Europe,M,2011,20110710,switzerland,40-44
"Demurtas, Simone",ITA,13,81,85,01:01:54,05:23:09,03:23:52,09:51:53,---,Ironman 140.6,Zurich,Switzerland,Europe,M,2011,20110710,switzerland,40-44
"Garcia-Cascon, Santi",ESP,14,84,88,01:07:48,05:15:23,03:26:18,09:53:28,---,Ironman 140.6,Zurich,Switzerland,Europe,M,2011,20110710,switzerland,40-44
"Albert, Michael",CHE,15,89,93,01:08:54,05:21:32,03:21:28,09:55:35,---,Ironman 140.6,Zurich,Switzerland,Europe,M,2011,20110710,switzerland,40-44
"Vandamme, Stephane",BEL,16,100,104,01:07:02,05:16:38,03:32:01,09:58:29,---,Ironman 140.6,Zurich,Switzerland,Europe,M,2011,20110710,switzerland,40-44
"Hinske, Berthold",DEU,17,103,107,01:00:19,05:20:17,03:34:12,09:59:24,---,Ironman 140.6,Zurich,Switzerland,Europe,M,2011,20110710,switzerland,40-44
"Aebersold, Rolf",CHE,18,105,109,01:04:20,05:06:57,03:44:13,09:59:58,---,Ironman 140.6,Zurich,Switzerland,Europe,M,2011,20110710,switzerland,40-44
"Schmidt, Mathias",---,19,108,112,01:00:39,05:16:06,03:39:05,10:00:58,---,Ironman 140.6,Zurich,Switzerland,Europe,M,2011,20110710,switzerland,40-44
"Illingworth, Matthew",AUS,20,116,120,01:03:43,04:51:50,04:02:57,10:02:47,---,Ironman 140.6,Zurich,Switzerland,Europe,M,2011,20110710,switzerland,40-44
"Marole, Yves",FRA,21,117,121,01:06:50,05:18:24,03:32:47,10:03:23,---,Ironman 140.6,Zurich,Switzerland,Europe,M,2011,20110710,switzerland,40-44
"Püvi, Margus",EST,22,118,122,01:05:23,05:19:06,03:35:02,10:03:26,---,Ironman 140.6,Zurich,Switzerland,Europe,M,2011,20110710,switzerland,40-44
"Lopez, Gustavo",ARG,23,121,125,01:08:52,05:24:15,03:27:04,10:03:52,---,Ironman 140.6,Zurich,Switzerland,Europe,M,2011,20110710,switzerland,40-44
"Kurek, Artur",POL,24,124,128,01:18:04,05:31:07,03:11:49,10:04:36,---,Ironman 140.6,Zurich,Switzerland,Europe,M,2011,20110710,switzerland,40-44
"Kocher, Frank",CHE,25,129,133,01:08:55,05:32:20,03:22:22,10:08:31,---,Ironman 140.6,Zurich,Switzerland,Europe,M,2011,20110710,switzerland,40-44
"Thevenet, Joel",FRA,27,132,137,01:13:04,05:26:11,03:25:02,10:09:01,---,Ironman 140.6,Zurich,Switzerland,Europe,M,2011,20110710,switzerland,40-44
"Ebner, Christian",DEU,28,145,151,01:14:54,05:21:00,03:32:15,10:11:35,---,Ironman 140.6,Zurich,Switzerland,Europe,M,2011,20110710,switzerland,40-44
"Detzel, Patrick",CHE,30,146,153,01:19:10,05:17:50,03:30:46,10:12:09,---,Ironman 140.6,Zurich,Switzerland,Europe,M,2011,20110710,switzerland,40-44
"Annen, Thierry",CHE,31,149,157,01:02:57,05:30:38,03:33:59,10:13:07,---,Ironman 140.6,Zurich,Switzerland,Europe,M,2011,20110710,switzerland,40-44
"Gonzalez, Juan",ESP,32,151,159,01:02:55,05:35:59,03:30:51,10:13:36,---,Ironman 140.6,Zurich,Switzerland,Europe,M,2011,20110710,switzerland,40-44
"Leoni, Mike",CHE,33,156,166,01:02:08,05:21:42,03:48:45,10:15:01,---,Ironman 140.6,Zurich,Switzerland,Europe,M,2011,20110710,switzerland,40-44
"Ratschob, Remo",CHE,34,160,170,01:05:55,05:43:10,03:21:38,10:16:02,---,Ironman 140.6,Zurich,Switzerland,Europe,M,2011,20110710,switzerland,40-44
"Lenz, Ivan",CHE,35,162,172,01:13:31,05:33:07,03:26:56,10:16:32,---,Ironman 140.6,Zurich,Switzerland,Europe,M,2011,20110710,switzerland,40-44
"Lauer, Christian",DEU,36,163,173,01:23:29,05:23:50,03:23:08,10:16:44,---,Ironman 140.6,Zurich,Switzerland,Europe,M,2011,20110710,switzerland,40-44
"Mccabe, Mark",IRL,37,167,177,01:03:45,05:14:51,03:55:53,10:18:33,---,Ironman 140.6,Zurich,Switzerland,Europe,M,2011,20110710,switzerland,40-44
"Robbins, Justin",GBR,38,168,178,00:58:17,05:35:37,03:40:03,10:19:06,---,Ironman 140.6,Zurich,Switzerland,Europe,M,2011,20110710,switzerland,40-44
"Shimanovskiy, Timur",RUS,39,170,180,01:18:36,05:30:18,03:26:19,10:19:51,---,Ironman 140.6,Zurich,Switzerland,Europe,M,2011,20110710,switzerland,40-44
"Gasc, Olivier",FRA,40,171,181,01:01:42,05:39:28,03:35:27,10:20:14,---,Ironman 140.6,Zurich,Switzerland,Europe,M,2011,20110710,switzerland,40-44
"Folens, Wim",BEL,41,177,187,01:11:04,05:30:51,03:35:09,10:21:37,---,Ironman 140.6,Zurich,Switzerland,Europe,M,2011,20110710,switzerland,40-44
"Robles, Javier",ESP,42,187,199,01:02:22,05:38:45,03:35:11,10:23:24,---,Ironman 140.6,Zurich,Switzerland,Europe,M,2011,20110710,switzerland,40-44
"Toniolo, Antonello",ITA,43,195,207,01:09:20,05:24:28,03:44:32,10:24:29,---,Ironman 140.6,Zurich,Switzerland,Europe,M,2011,20110710,switzerland,40-44
"Lötz, Andreas",DEU,44,198,210,01:11:21,05:44:52,03:21:23,10:25:02,---,Ironman 140.6,Zurich,Switzerland,Europe,M,2011,20110710,switzerland,40-44
"Proud, Mick",GBR,45,199,211,01:01:53,05:30:30,03:47:23,10:25:10,---,Ironman 140.6,Zurich,Switzerland,Europe,M,2011,20110710,switzerland,40-44
"Pauwels, Johan",---,46,201,213,01:02:51,05:17:31,04:01:48,10:25:45,---,Ironman 140.6,Zurich,Switzerland,Europe,M,2011,20110710,switzerland,40-44
"Paradinas, Eusebio",ESP,47,204,216,01:15:59,05:32:54,03:29:24,10:25:59,---,Ironman 140.6,Zurich,Switzerland,Europe,M,2011,20110710,switzerland,40-44
"Rodrigues, Ricardo",USA,48,208,220,01:00:11,05:41:43,03:40:15,10:26:39,---,Ironman 140.6,Zurich,Switzerland,Europe,M,2011,20110710,switzerland,40-44
"Cecon, Johannes",AUT,49,209,221,01:23:43,05:34:10,03:24:51,10:26:39,---,Ironman 140.6,Zurich,Switzerland,Europe,M,2011,20110710,switzerland,40-44
"Salis, Boni",TUR,50,215,227,01:08:36,05:36:34,03:37:39,10:27:26,---,Ironman 140.6,Zurich,Switzerland,Europe,M,2011,20110710,switzerland,40-44
"Guinan, Paul",GBR,52,224,237,00:58:38,05:46:13,03:38:38,10:28:39,---,Ironman 140.6,Zurich,Switzerland,Europe,M,2011,20110710,switzerland,40-44
"Hayman, Mark",GBR,53,227,240,01:10:35,05:29:55,03:44:03,10:29:17,---,Ironman 140.6,Zurich,Switzerland,Europe,M,2011,20110710,switzerland,40-44
"Meier, Bruno",CHE,54,233,246,01:24:28,05:32:28,03:26:31,10:29:51,---,Ironman 140.6,Zurich,Switzerland,Europe,M,2011,20110710,switzerland,40-44
"Rieder, Flavio",CHE,55,241,254,01:11:02,05:43:45,03:30:11,10:30:27,---,Ironman 140.6,Zurich,Switzerland,Europe,M,2011,20110710,switzerland,40-44
"Rego De Sebes, Renaud",FRA,56,242,255,01:06:30,05:26:51,03:52:54,10:30:35,---,Ironman 140.6,Zurich,Switzerland,Europe,M,2011,20110710,switzerland,40-44
"Schurtenberger, Hebi",CHE,57,243,256,01:12:33,05:12:45,04:02:25,10:30:49,---,Ironman 140.6,Zurich,Switzerland,Europe,M,2011,20110710,switzerland,40-44
"Reber, Markus",CHE,58,244,257,01:00:41,05:25:48,03:58:37,10:31:14,---,Ironman 140.6,Zurich,Switzerland,Europe,M,2011,20110710,switzerland,40-44
"Weiss, Stéphane",CHE,59,247,260,01:17:44,05:25:27,03:41:25,10:31:45,---,Ironman 140.6,Zurich,Switzerland,Europe,M,2011,20110710,switzerland,40-44
"Lindsay, David",GBR,60,253,266,01:14:14,05:22:48,03:49:41,10:33:00,---,Ironman 140.6,Zurich,Switzerland,Europe,M,2011,20110710,switzerland,40-44
"Heylen, Johan",BEL,61,254,267,01:07:14,05:46:33,03:33:12,10:33:25,---,Ironman 140.6,Zurich,Switzerland,Europe,M,2011,20110710,switzerland,40-44
"Cullen, Paul",GBR,62,260,273,01:19:57,05:12:36,03:55:39,10:34:21,---,Ironman 140.6,Zurich,Switzerland,Europe,M,2011,20110710,switzerland,40-44
"Bleisch, Andreas",CHE,63,262,275,01:26:47,05:33:38,03:26:17,10:34:43,---,Ironman 140.6,Zurich,Switzerland,Europe,M,2011,20110710,switzerland,40-44
"Lomb, Joachim",DEU,64,269,282,01:14:31,05:47:56,03:28:00,10:35:46,---,Ironman 140.6,Zurich,Switzerland,Europe,M,2011,20110710,switzerland,40-44
"Lombardi, Luca",ITA,65,274,287,01:09:27,05:51:04,03:30:40,10:36:31,---,Ironman 140.6,Zurich,Switzerland,Europe,M,2011,20110710,switzerland,40-44
"Soler Sacristan, Jordi",ESP,66,276,289,01:08:02,05:43:40,03:39:33,10:36:54,---,Ironman 140.6,Zurich,Switzerland,Europe,M,2011,20110710,switzerland,40-44
"Schirnick, Andreas",DEU,67,277,290,01:14:01,05:36:45,03:37:22,10:37:25,---,Ironman 140.6,Zurich,Switzerland,Europe,M,2011,20110710,switzerland,40-44
"Annen, Patrick",CHE,69,286,299,01:00:42,05:39:47,03:52:19,10:38:35,---,Ironman 140.6,Zurich,Switzerland,Europe,M,2011,20110710,switzerland,40-44
"Hartmann, Matthias",DEU,70,288,301,01:08:49,05:33:03,03:53:01,10:38:48,---,Ironman 140.6,Zurich,Switzerland,Europe,M,2011,20110710,switzerland,40-44
"Meier, Thomas",CHE,72,294,308,01:17:28,05:30:14,03:44:44,10:40:31,---,Ironman 140.6,Zurich,Switzerland,Europe,M,2011,20110710,switzerland,40-44
"Tanner, Marcel",CHE,73,296,311,01:30:03,05:31:59,03:34:44,10:41:11,---,Ironman 140.6,Zurich,Switzerland,Europe,M,2011,20110710,switzerland,40-44
"Siro Herrero, Jorge",ESP,74,298,313,01:03:34,05:46:32,03:48:14,10:41:58,---,Ironman 140.6,Zurich,Switzerland,Europe,M,2011,20110710,switzerland,40-44
"Braendli, Christof",CHE,75,300,315,01:10:40,05:48:10,03:35:37,10:42:02,---,Ironman 140.6,Zurich,Switzerland,Europe,M,2011,20110710,switzerland,40-44
"Yule, Stuart",DEU,76,303,318,01:05:18,05:31:38,04:01:25,10:42:25,---,Ironman 140.6,Zurich,Switzerland,Europe,M,2011,20110710,switzerland,40-44
"Stecher, Jochen",DEU,77,306,321,01:03:37,05:29:42,04:05:14,10:42:52,---,Ironman 140.6,Zurich,Switzerland,Europe,M,2011,20110710,switzerland,40-44
"Quaglierini, Fabio",ITA,78,311,326,01:10:31,05:32:25,03:54:26,10:43:48,---,Ironman 140.6,Zurich,Switzerland,Europe,M,2011,20110710,switzerland,40-44
"Schmahl, Philipp",CHE,79,313,328,01:15:39,05:45:25,03:36:33,10:44:05,---,Ironman 140.6,Zurich,Switzerland,Europe,M,2011,20110710,switzerland,40-44
"Marquez Soto Hay, Marco Antonio",MEX,80,315,331,01:25:09,05:53:13,03:17:04,10:44:37,---,Ironman 140.6,Zurich,Switzerland,Europe,M,2011,20110710,switzerland,40-44
"Vetter, Kai",DEU,81,320,336,01:17:46,05:46:50,03:36:27,10:45:40,---,Ironman 140.6,Zurich,Switzerland,Europe,M,2011,20110710,switzerland,40-44
"Kleinert, Andreas",DEU,82,321,337,01:18:03,05:37:45,03:46:42,10:46:05,---,Ironman 140.6,Zurich,Switzerland,Europe,M,2011,20110710,switzerland,40-44
"Smith, Fraser",GBR,83,326,342,01:05:20,05:31:33,04:03:39,10:46:48,---,Ironman 140.6,Zurich,Switzerland,Europe,M,2011,20110710,switzerland,40-44
"Nesbitt, James",GBR,84,330,347,01:14:58,05:41:20,03:45:38,10:47:22,---,Ironman 140.6,Zurich,Switzerland,Europe,M,2011,20110710,switzerland,40-44
"Werner, Claus",DEU,85,342,362,01:14:26,05:41:54,03:47:37,10:50:21,---,Ironman 140.6,Zurich,Switzerland,Europe,M,2011,20110710,switzerland,40-44
"Gatland, Nick",CHE,86,345,365,01:10:51,05:18:34,04:16:09,10:50:53,---,Ironman 140.6,Zurich,Switzerland,Europe,M,2011,20110710,switzerland,40-44
"Hitz, Stefan",CHE,87,357,378,01:15:51,05:33:44,03:57:19,10:53:05,---,Ironman 140.6,Zurich,Switzerland,Europe,M,2011,20110710,switzerland,40-44
"Rosengren, Ole",NOR,88,363,384,01:17:31,05:48:08,03:43:36,10:54:25,---,Ironman 140.6,Zurich,Switzerland,Europe,M,2011,20110710,switzerland,40-44
"Bellm, Mathias",DEU,89,370,394,01:11:49,05:48:40,03:49:49,10:55:16,---,Ironman 140.6,Zurich,Switzerland,Europe,M,2011,20110710,switzerland,40-44
"Scheire, Christophe",BEL,90,376,401,01:22:08,05:49:01,03:37:16,10:56:16,---,Ironman 140.6,Zurich,Switzerland,Europe,M,2011,20110710,switzerland,40-44
"Marcenta, Luca",ITA,91,379,404,01:06:31,05:45:58,04:00:16,10:56:44,---,Ironman 140.6,Zurich,Switzerland,Europe,M,2011,20110710,switzerland,40-44
"Ramuzzi, Marco",ITA,92,385,410,01:11:35,05:37:45,04:02:53,10:57:52,---,Ironman 140.6,Zurich,Switzerland,Europe,M,2011,20110710,switzerland,40-44
"Molloy, Craig",IRL,93,388,413,01:18:39,05:48:39,03:45:48,10:58:23,---,Ironman 140.6,Zurich,Switzerland,Europe,M,2011,20110710,switzerland,40-44
"Kamel, Bencharef",FRA,94,394,419,01:15:31,05:49:13,03:48:55,10:59:25,---,Ironman 140.6,Zurich,Switzerland,Europe,M,2011,20110710,switzerland,40-44
"Abad De La Fuente, Jose Javier",ESP,95,395,420,01:22:07,06:03:43,03:27:26,10:59:32,---,Ironman 140.6,Zurich,Switzerland,Europe,M,2011,20110710,switzerland,40-44
"Windmüller, Uwe",DEU,96,396,421,01:25:36,05:56:55,03:32:36,10:59:45,---,Ironman 140.6,Zurich,Switzerland,Europe,M,2011,20110710,switzerland,40-44
"Rimbeaut, Laurent",FRA,97,400,425,01:17:08,05:35:59,04:03:21,11:00:36,---,Ironman 140.6,Zurich,Switzerland,Europe,M,2011,20110710,switzerland,40-44
"Sägesser, Simon",CHE,98,401,426,01:14:37,06:01:00,03:40:56,11:00:41,---,Ironman 140.6,Zurich,Switzerland,Europe,M,2011,20110710,switzerland,40-44
"Lamprecht, Sean",GBR,99,406,432,01:18:25,05:52:25,03:43:25,11:01:45,---,Ironman 140.6,Zurich,Switzerland,Europe,M,2011,20110710,switzerland,40-44
"thomi, oliver",CHE,100,415,441,01:13:56,05:52:27,03:51:08,11:03:22,---,Ironman 140.6,Zurich,Switzerland,Europe,M,2011,20110710,switzerland,40-44
"Boudras, Michel",FRA,101,419,446,01:17:13,05:30:59,04:11:15,11:04:28,---,Ironman 140.6,Zurich,Switzerland,Europe,M,2011,20110710,switzerland,40-44
"Gerber, Chris",CHE,102,423,450,01:11:04,05:37:19,04:12:16,11:05:06,---,Ironman 140.6,Zurich,Switzerland,Europe,M,2011,20110710,switzerland,40-44
"Hofstetter, Herby",CHE,103,424,451,01:20:43,05:36:31,04:01:09,11:05:12,---,Ironman 140.6,Zurich,Switzerland,Europe,M,2011,20110710,switzerland,40-44
"Zavatarelli, Fernando",ITA,104,429,457,01:16:46,05:53:12,03:49:49,11:06:08,---,Ironman 140.6,Zurich,Switzerland,Europe,M,2011,20110710,switzerland,40-44
"Renard, Guy",BEL,105,434,463,01:13:47,05:58:04,03:48:42,11:06:34,---,Ironman 140.6,Zurich,Switzerland,Europe,M,2011,20110710,switzerland,40-44
"Mercier, Stéphane",FRA,106,437,466,01:14:44,05:49:09,03:46:46,11:07:23,---,Ironman 140.6,Zurich,Switzerland,Europe,M,2011,20110710,switzerland,40-44
"Lamarque, Yannick",FRA,107,438,468,01:06:24,05:38:19,04:17:15,11:07:32,---,Ironman 140.6,Zurich,Switzerland,Europe,M,2011,20110710,switzerland,40-44
"Rössler, Reinhard",AUT,108,441,472,01:23:46,05:40:23,03:59:16,11:07:51,---,Ironman 140.6,Zurich,Switzerland,Europe,M,2011,20110710,switzerland,40-44
"Sawitzki, Thomas",---,109,443,475,01:12:30,05:41:52,04:07:28,11:08:00,---,Ironman 140.6,Zurich,Switzerland,Europe,M,2011,20110710,switzerland,40-44
"Cardenas, Juan Antonio Soto",ESP,110,444,476,01:08:49,06:17:30,03:35:29,11:08:01,---,Ironman 140.6,Zurich,Switzerland,Europe,M,2011,20110710,switzerland,40-44
"Albrecht, Urs",CHE,112,460,498,01:12:22,05:42:51,04:11:52,11:11:05,---,Ironman 140.6,Zurich,Switzerland,Europe,M,2011,20110710,switzerland,40-44
"Al-Awa, Ahmed",SGP,113,463,501,01:23:36,05:56:21,03:44:48,11:11:27,---,Ironman 140.6,Zurich,Switzerland,Europe,M,2011,20110710,switzerland,40-44
"Bischof, Dominik",CHE,114,469,507,01:32:02,05:37:02,03:51:53,11:11:51,---,Ironman 140.6,Zurich,Switzerland,Europe,M,2011,20110710,switzerland,40-44
"Kurath, Hans",CHE,115,475,513,01:18:40,05:49:55,03:57:23,11:12:51,---,Ironman 140.6,Zurich,Switzerland,Europe,M,2011,20110710,switzerland,40-44
"Baeumle, Bernd",DEU,116,481,519,01:18:44,05:43:43,04:04:11,11:14:02,---,Ironman 140.6,Zurich,Switzerland,Europe,M,2011,20110710,switzerland,40-44
"Rosenbaum, Ralf",DEU,117,482,520,01:25:24,05:50:07,03:52:54,11:14:08,---,Ironman 140.6,Zurich,Switzerland,Europe,M,2011,20110710,switzerland,40-44
"Åkerlind, Raimo",FIN,118,483,521,01:14:48,05:48:34,04:05:29,11:14:08,---,Ironman 140.6,Zurich,Switzerland,Europe,M,2011,20110710,switzerland,40-44
"Müller, Patrick",CHE,119,487,526,01:21:51,05:49:59,03:57:00,11:14:49,---,Ironman 140.6,Zurich,Switzerland,Europe,M,2011,20110710,switzerland,40-44
"Maurer, Andreas",CHE,120,490,529,01:17:55,05:55:06,03:54:39,11:16:00,---,Ironman 140.6,Zurich,Switzerland,Europe,M,2011,20110710,switzerland,40-44
"Guglielmo, Fior",CHE,121,495,534,01:20:45,05:49:49,03:57:11,11:16:15,---,Ironman 140.6,Zurich,Switzerland,Europe,M,2011,20110710,switzerland,40-44
"Polack, Christian",DEU,122,497,536,01:35:35,05:44:56,03:50:58,11:16:17,---,Ironman 140.6,Zurich,Switzerland,Europe,M,2011,20110710,switzerland,40-44
"Ratinckx, Yves",ESP,123,501,541,01:12:04,05:47:44,04:10:12,11:17:30,---,Ironman 140.6,Zurich,Switzerland,Europe,M,2011,20110710,switzerland,40-44
"Molloy, Shawn",USA,124,503,543,01:14:16,05:44:36,04:11:21,11:17:47,---,Ironman 140.6,Zurich,Switzerland,Europe,M,2011,20110710,switzerland,40-44
"Jung, Lorenz",CHE,125,511,551,01:21:56,05:47:36,04:05:00,11:19:26,---,Ironman 140.6,Zurich,Switzerland,Europe,M,2011,20110710,switzerland,40-44
"Delhaye, Patrick",BEL,126,516,556,01:14:42,06:01:50,03:58:01,11:19:41,---,Ironman 140.6,Zurich,Switzerland,Europe,M,2011,20110710,switzerland,40-44
"Warren, Stuart",GBR,127,517,557,01:17:25,05:48:25,04:08:37,11:19:50,---,Ironman 140.6,Zurich,Switzerland,Europe,M,2011,20110710,switzerland,40-44
"Künzler, Thomas",CHE,128,523,565,01:08:37,06:12:35,03:47:55,11:20:53,---,Ironman 140.6,Zurich,Switzerland,Europe,M,2011,20110710,switzerland,40-44
"Rüede, Hubert",CHE,129,529,572,01:25:35,05:54:00,03:55:56,11:22:53,---,Ironman 140.6,Zurich,Switzerland,Europe,M,2011,20110710,switzerland,40-44
"Brunschwiler, Daniel",CHE,130,530,573,01:13:20,06:00:35,04:01:25,11:23:01,---,Ironman 140.6,Zurich,Switzerland,Europe,M,2011,20110710,switzerland,40-44
"Botelho, Emmanuel",FRA,131,533,577,01:19:01,06:04:28,03:54:11,11:23:39,---,Ironman 140.6,Zurich,Switzerland,Europe,M,2011,20110710,switzerland,40-44
"Ferraresi, Mauro",ITA,132,534,578,01:06:29,06:03:29,04:08:49,11:23:41,---,Ironman 140.6,Zurich,Switzerland,Europe,M,2011,20110710,switzerland,40-44
"Müller, Markus",CHE,133,537,581,01:17:16,05:43:35,04:15:58,11:24:15,---,Ironman 140.6,Zurich,Switzerland,Europe,M,2011,20110710,switzerland,40-44
"Graham, Todd",CAN,134,538,582,01:04:57,06:09:17,04:04:31,11:24:16,---,Ironman 140.6,Zurich,Switzerland,Europe,M,2011,20110710,switzerland,40-44
"Emmenegger, Kurt",CHE,135,539,583,01:18:48,05:54:41,04:05:38,11:24:18,---,Ironman 140.6,Zurich,Switzerland,Europe,M,2011,20110710,switzerland,40-44
"Nordbeck, Carl",SWE,136,541,585,01:08:30,05:48:37,04:21:47,11:24:36,---,Ironman 140.6,Zurich,Switzerland,Europe,M,2011,20110710,switzerland,40-44
"Urban, Miroslav",CZE,137,543,587,01:11:39,06:02:15,04:04:03,11:24:40,---,Ironman 140.6,Zurich,Switzerland,Europe,M,2011,20110710,switzerland,40-44
"Pérez Vázquez, Fernando",ESP,138,546,590,01:16:55,06:07:16,03:54:27,11:25:02,---,Ironman 140.6,Zurich,Switzerland,Europe,M,2011,20110710,switzerland,40-44
"delmas, jean-marc",FRA,139,548,592,01:15:36,05:54:54,04:04:49,11:25:21,---,Ironman 140.6,Zurich,Switzerland,Europe,M,2011,20110710,switzerland,40-44
"Guenno, Loïc",FRA,140,550,594,01:06:35,06:06:38,04:07:22,11:26:08,---,Ironman 140.6,Zurich,Switzerland,Europe,M,2011,20110710,switzerland,40-44
"Haller, Thomas",CHE,141,559,604,01:19:09,06:24:21,03:36:05,11:28:12,---,Ironman 140.6,Zurich,Switzerland,Europe,M,2011,20110710,switzerland,40-44
"Depret, Vincent",BEL,143,564,611,01:10:54,05:58:43,04:10:37,11:28:59,---,Ironman 140.6,Zurich,Switzerland,Europe,M,2011,20110710,switzerland,40-44
"Carceles, Ramon",---,144,565,612,01:15:48,06:02:05,04:07:17,11:29:10,---,Ironman 140.6,Zurich,Switzerland,Europe,M,2011,20110710,switzerland,40-44
"Mitteregger, Christian",AUT,145,568,616,01:22:03,05:46:03,04:15:06,11:29:52,---,Ironman 140.6,Zurich,Switzerland,Europe,M,2011,20110710,switzerland,40-44
"Ahlmann, René",CHE,146,569,617,01:12:23,05:20:58,04:49:07,11:30:08,---,Ironman 140.6,Zurich,Switzerland,Europe,M,2011,20110710,switzerland,40-44
"Ruiz De Eguino Medina, Victor",ESP,148,572,623,01:17:27,06:05:06,03:56:42,11:31:40,---,Ironman 140.6,Zurich,Switzerland,Europe,M,2011,20110710,switzerland,40-44
"Augsburger, Thierry",CHE,149,579,630,01:24:31,05:50:56,04:09:46,11:32:49,---,Ironman 140.6,Zurich,Switzerland,Europe,M,2011,20110710,switzerland,40-44
"De Koster, Bart",BEL,150,584,636,01:17:40,05:55:08,04:11:36,11:33:37,---,Ironman 140.6,Zurich,Switzerland,Europe,M,2011,20110710,switzerland,40-44
"Sobola, Michael",DEU,151,586,638,01:24:07,06:07:46,03:50:26,11:33:54,---,Ironman 140.6,Zurich,Switzerland,Europe,M,2011,20110710,switzerland,40-44
"Goros, Andreas",SGP,152,588,640,01:09:45,06:26:19,03:50:04,11:34:22,---,Ironman 140.6,Zurich,Switzerland,Europe,M,2011,20110710,switzerland,40-44
"Cloutier, Eric",USA,153,597,649,01:18:41,06:13:17,03:56:41,11:36:20,---,Ironman 140.6,Zurich,Switzerland,Europe,M,2011,20110710,switzerland,40-44
"marriott, scott",GBR,154,599,651,01:14:33,05:59:00,04:15:53,11:36:43,---,Ironman 140.6,Zurich,Switzerland,Europe,M,2011,20110710,switzerland,40-44
"De Bruyne, Gerrit",BEL,155,600,653,01:07:10,05:41:08,04:43:21,11:37:05,---,Ironman 140.6,Zurich,Switzerland,Europe,M,2011,20110710,switzerland,40-44
"De Bos, Jan Willem",NLD,156,605,659,01:13:43,05:38:43,04:39:44,11:38:14,---,Ironman 140.6,Zurich,Switzerland,Europe,M,2011,20110710,switzerland,40-44
"Messmer, Adrian",CHE,157,612,666,01:25:08,05:57:26,04:10:21,11:38:36,---,Ironman 140.6,Zurich,Switzerland,Europe,M,2011,20110710,switzerland,40-44
"Hull, Rich",GBR,158,619,673,01:11:02,05:59:28,04:22:35,11:40:01,---,Ironman 140.6,Zurich,Switzerland,Europe,M,2011,20110710,switzerland,40-44
"Wolff, Thilo",DEU,159,623,677,01:19:08,06:15:26,04:00:10,11:40:39,---,Ironman 140.6,Zurich,Switzerland,Europe,M,2011,20110710,switzerland,40-44
"Giancristofano, Dario",GBR,160,626,680,01:14:21,06:07:24,04:10:33,11:41:05,---,Ironman 140.6,Zurich,Switzerland,Europe,M,2011,20110710,switzerland,40-44
"Greer, Richard",GBR,161,628,682,01:21:19,05:36:57,04:33:02,11:41:12,---,Ironman 140.6,Zurich,Switzerland,Europe,M,2011,20110710,switzerland,40-44
"Duncombe, Andrew",GBR,162,633,689,01:18:39,06:34:33,03:41:39,11:42:12,---,Ironman 140.6,Zurich,Switzerland,Europe,M,2011,20110710,switzerland,40-44
"Coppejans, Chris",BEL,163,635,691,01:14:14,05:51:13,04:29:21,11:42:18,---,Ironman 140.6,Zurich,Switzerland,Europe,M,2011,20110710,switzerland,40-44
"Samuel, Roland",FRA,164,638,694,01:20:15,06:01:15,04:16:55,11:42:52,---,Ironman 140.6,Zurich,Switzerland,Europe,M,2011,20110710,switzerland,40-44
"Garcia, David",ESP,165,645,701,01:08:52,06:09:24,04:13:15,11:43:31,---,Ironman 140.6,Zurich,Switzerland,Europe,M,2011,20110710,switzerland,40-44
"Meyer, Stephan",CHE,166,647,703,01:29:29,06:03:59,04:02:11,11:44:04,---,Ironman 140.6,Zurich,Switzerland,Europe,M,2011,20110710,switzerland,40-44
"Vanbergen, Steven",BEL,167,650,706,01:18:50,06:07:31,04:10:49,11:44:26,---,Ironman 140.6,Zurich,Switzerland,Europe,M,2011,20110710,switzerland,40-44
"Andrews, Neil",CHE,168,653,711,01:15:01,06:10:02,04:13:37,11:44:52,---,Ironman 140.6,Zurich,Switzerland,Europe,M,2011,20110710,switzerland,40-44
"Morris, Seamus",IRL,170,658,718,01:22:44,06:05:26,04:08:12,11:45:26,---,Ironman 140.6,Zurich,Switzerland,Europe,M,2011,20110710,switzerland,40-44
"Fuerst, Roger",---,171,660,720,01:21:19,06:01:52,04:12:44,11:46:12,---,Ironman 140.6,Zurich,Switzerland,Europe,M,2011,20110710,switzerland,40-44
"Vengust, Modest",SVN,172,668,729,01:12:14,05:57:25,04:27:57,11:47:31,---,Ironman 140.6,Zurich,Switzerland,Europe,M,2011,20110710,switzerland,40-44
"Dagdelen, Cem",TUR,173,670,731,01:19:32,06:02:19,04:19:33,11:47:35,---,Ironman 140.6,Zurich,Switzerland,Europe,M,2011,20110710,switzerland,40-44
"Souillé, Gwénaël",FRA,174,675,736,01:30:07,06:02:34,04:11:56,11:48:26,---,Ironman 140.6,Zurich,Switzerland,Europe,M,2011,20110710,switzerland,40-44
"Ljungström, Robert",SWE,176,676,738,01:16:05,05:45:43,04:39:42,11:48:48,---,Ironman 140.6,Zurich,Switzerland,Europe,M,2011,20110710,switzerland,40-44
"Jackson, Simon",GBR,177,680,743,01:11:34,05:57:33,04:35:59,11:49:18,---,Ironman 140.6,Zurich,Switzerland,Europe,M,2011,20110710,switzerland,40-44
"Walther, Romano",CHE,178,692,757,01:17:24,05:57:29,04:25:54,11:50:28,---,Ironman 140.6,Zurich,Switzerland,Europe,M,2011,20110710,switzerland,40-44
"Nigg, Peter",CHE,179,693,758,01:11:10,05:55:05,04:35:32,11:50:31,---,Ironman 140.6,Zurich,Switzerland,Europe,M,2011,20110710,switzerland,40-44
"Seitsonen, Markku",FIN,180,699,765,01:20:20,06:03:20,04:22:23,11:51:32,---,Ironman 140.6,Zurich,Switzerland,Europe,M,2011,20110710,switzerland,40-44
"Picchi, Piero",ITA,181,704,770,01:07:53,06:32:31,04:05:46,11:52:14,---,Ironman 140.6,Zurich,Switzerland,Europe,M,2011,20110710,switzerland,40-44
"Lopez, Alfredo",PER,182,706,772,01:06:21,06:27:54,04:11:49,11:52:28,---,Ironman 140.6,Zurich,Switzerland,Europe,M,2011,20110710,switzerland,40-44
"Nielsen, Henrik",DNK,183,707,773,01:07:43,06:01:02,04:37:48,11:52:50,---,Ironman 140.6,Zurich,Switzerland,Europe,M,2011,20110710,switzerland,40-44
"Runnedahl, Johan",SWE,184,711,777,01:33:28,06:08:51,04:05:19,11:53:30,---,Ironman 140.6,Zurich,Switzerland,Europe,M,2011,20110710,switzerland,40-44
"Hartley, Matthew",GBR,185,712,778,01:11:11,06:01:17,04:32:36,11:53:33,---,Ironman 140.6,Zurich,Switzerland,Europe,M,2011,20110710,switzerland,40-44
"Gloor, Jürg",CHE,187,718,785,01:08:54,06:19:43,04:18:30,11:54:36,---,Ironman 140.6,Zurich,Switzerland,Europe,M,2011,20110710,switzerland,40-44
"Tan, Adrian",GBR,189,723,791,01:11:32,06:16:36,04:22:17,11:56:33,---,Ironman 140.6,Zurich,Switzerland,Europe,M,2011,20110710,switzerland,40-44
"Zborover, Lior",ISR,190,724,792,01:11:01,05:54:11,04:41:28,11:56:42,---,Ironman 140.6,Zurich,Switzerland,Europe,M,2011,20110710,switzerland,40-44
"Graeme, David",GBR,192,727,797,01:16:23,06:02:33,04:31:45,11:57:20,---,Ironman 140.6,Zurich,Switzerland,Europe,M,2011,20110710,switzerland,40-44
"Coppin, John",GBR,193,731,801,01:02:05,06:37:49,04:08:13,11:57:37,---,Ironman 140.6,Zurich,Switzerland,Europe,M,2011,20110710,switzerland,40-44
"Lambert, Mathieu",CHE,194,732,802,01:18:28,06:15:24,04:14:42,11:57:42,---,Ironman 140.6,Zurich,Switzerland,Europe,M,2011,20110710,switzerland,40-44
"Martin, Andy",GBR,195,734,804,01:10:52,06:05:58,04:31:32,11:58:05,---,Ironman 140.6,Zurich,Switzerland,Europe,M,2011,20110710,switzerland,40-44
"García Sánchez, Domingo",ESP,196,735,805,01:15:04,06:20:13,04:13:58,11:58:11,---,Ironman 140.6,Zurich,Switzerland,Europe,M,2011,20110710,switzerland,40-44
"Bürge, Karl",CHE,197,739,809,01:19:29,05:42:20,04:51:20,11:58:34,---,Ironman 140.6,Zurich,Switzerland,Europe,M,2011,20110710,switzerland,40-44
"Tabuchi, Kenji",JPN,198,746,819,01:15:19,06:38:25,03:54:53,11:59:23,---,Ironman 140.6,Zurich,Switzerland,Europe,M,2011,20110710,switzerland,40-44
"Matsumoto, Yasuaki",JPN,199,747,820,01:11:52,06:38:21,03:56:56,11:59:23,---,Ironman 140.6,Zurich,Switzerland,Europe,M,2011,20110710,switzerland,40-44
"Mccabe, Niall",IRL,200,749,823,01:22:27,06:09:24,04:18:42,11:59:37,---,Ironman 140.6,Zurich,Switzerland,Europe,M,2011,20110710,switzerland,40-44
"Arturo, Egidio",CHE,201,750,825,01:17:58,06:01:51,04:32:20,11:59:52,---,Ironman 140.6,Zurich,Switzerland,Europe,M,2011,20110710,switzerland,40-44
"Köppel, Rolf",CHE,202,753,829,01:17:39,05:54:19,04:43:19,12:00:08,---,Ironman 140.6,Zurich,Switzerland,Europe,M,2011,20110710,switzerland,40-44
"Ureta, Xabier",ESP,203,755,831,01:21:46,06:17:57,04:13:34,12:00:25,---,Ironman 140.6,Zurich,Switzerland,Europe,M,2011,20110710,switzerland,40-44
"Winkle, Dewi",GBR,204,756,832,01:02:23,06:20:38,04:32:57,12:01:02,---,Ironman 140.6,Zurich,Switzerland,Europe,M,2011,20110710,switzerland,40-44
"Bebi, Matthias",CHE,205,760,837,01:23:43,06:12:10,04:20:13,12:02:27,---,Ironman 140.6,Zurich,Switzerland,Europe,M,2011,20110710,switzerland,40-44
"Stokke, Tor",NOR,206,762,839,01:28:41,06:33:55,03:51:35,12:02:47,---,Ironman 140.6,Zurich,Switzerland,Europe,M,2011,20110710,switzerland,40-44
"Kristoffersson, Pär",SWE,207,766,845,00:55:24,05:45:23,05:17:36,12:03:19,---,Ironman 140.6,Zurich,Switzerland,Europe,M,2011,20110710,switzerland,40-44
"Manero Grice, Sergi",ESP,208,768,847,01:13:37,06:27:05,04:10:26,12:03:29,---,Ironman 140.6,Zurich,Switzerland,Europe,M,2011,20110710,switzerland,40-44
"Moutrey, Darren",GBR,209,769,848,01:15:39,06:11:58,04:24:10,12:03:54,---,Ironman 140.6,Zurich,Switzerland,Europe,M,2011,20110710,switzerland,40-44
"Schaefer, Stefan",CHE,210,771,850,01:15:32,05:41:12,05:00:49,12:04:26,---,Ironman 140.6,Zurich,Switzerland,Europe,M,2011,20110710,switzerland,40-44
"Ibing, Jacob",DNK,211,777,856,01:25:38,06:29:21,04:04:13,12:05:33,---,Ironman 140.6,Zurich,Switzerland,Europe,M,2011,20110710,switzerland,40-44
"Mcateer, Larry",IRL,212,781,861,01:15:37,06:12:37,04:31:38,12:06:31,---,Ironman 140.6,Zurich,Switzerland,Europe,M,2011,20110710,switzerland,40-44
"Weinbrecht, Harald",DEU,214,789,870,01:23:19,06:29:56,04:07:05,12:08:45,---,Ironman 140.6,Zurich,Switzerland,Europe,M,2011,20110710,switzerland,40-44
"Frydenholm, Reno",DNK,215,792,874,01:27:15,06:11:06,04:19:44,12:09:04,---,Ironman 140.6,Zurich,Switzerland,Europe,M,2011,20110710,switzerland,40-44
"Harzheim, Oliver",DEU,216,795,877,01:35:50,06:09:22,04:15:27,12:09:35,---,Ironman 140.6,Zurich,Switzerland,Europe,M,2011,20110710,switzerland,40-44
"Flint, John",GBR,217,798,880,01:02:35,06:26:37,04:32:33,12:09:47,---,Ironman 140.6,Zurich,Switzerland,Europe,M,2011,20110710,switzerland,40-44
"Ultra-im, Olivier",FRA,218,800,882,01:27:38,06:14:52,04:19:09,12:10:33,---,Ironman 140.6,Zurich,Switzerland,Europe,M,2011,20110710,switzerland,40-44
"Varotto, Massimiliano",ITA,220,812,897,01:11:55,06:25:02,04:25:04,12:13:07,---,Ironman 140.6,Zurich,Switzerland,Europe,M,2011,20110710,switzerland,40-44
"Walker, Matt",VNM,221,818,903,01:22:24,06:12:01,04:35:04,12:13:38,---,Ironman 140.6,Zurich,Switzerland,Europe,M,2011,20110710,switzerland,40-44
"Ang, Levy",PHL,222,827,914,01:20:08,06:21:16,04:24:17,12:14:18,---,Ironman 140.6,Zurich,Switzerland,Europe,M,2011,20110710,switzerland,40-44
"Kiviniemi, Erkki",FIN,223,835,923,01:28:22,06:22:58,04:11:55,12:15:53,---,Ironman 140.6,Zurich,Switzerland,Europe,M,2011,20110710,switzerland,40-44
"Crabb, Steven",USA,224,838,926,01:17:06,06:49:35,04:02:17,12:16:22,---,Ironman 140.6,Zurich,Switzerland,Europe,M,2011,20110710,switzerland,40-44
"Bescoby, Tim",GBR,225,843,931,01:22:10,06:33:43,04:03:58,12:17:22,---,Ironman 140.6,Zurich,Switzerland,Europe,M,2011,20110710,switzerland,40-44
"Barahona Montiel, José Luis",ESP,228,855,945,01:18:43,06:16:01,04:37:23,12:19:08,---,Ironman 140.6,Zurich,Switzerland,Europe,M,2011,20110710,switzerland,40-44
"Delvaulx, Herve",BEL,229,858,948,01:09:46,06:30:28,04:27:34,12:19:17,---,Ironman 140.6,Zurich,Switzerland,Europe,M,2011,20110710,switzerland,40-44
"Luithle, Andreas",DEU,230,860,950,01:47:03,06:26:19,03:58:39,12:19:49,---,Ironman 140.6,Zurich,Switzerland,Europe,M,2011,20110710,switzerland,40-44
"Cosgrove, Lloyd",GBR,231,876,966,01:12:17,06:05:40,04:55:43,12:22:27,---,Ironman 140.6,Zurich,Switzerland,Europe,M,2011,20110710,switzerland,40-44
"Chastas, Claude",FRA,232,882,975,01:13:44,06:14:03,04:50:28,12:24:44,---,Ironman 140.6,Zurich,Switzerland,Europe,M,2011,20110710,switzerland,40-44
"Juery, Matthieu Thomas",AUT,233,889,984,01:18:13,06:17:06,04:36:13,12:26:22,---,Ironman 140.6,Zurich,Switzerland,Europe,M,2011,20110710,switzerland,40-44
"Mendez, Luis",VEN,235,894,990,01:14:52,06:16:22,04:50:05,12:27:41,---,Ironman 140.6,Zurich,Switzerland,Europe,M,2011,20110710,switzerland,40-44
"Smith, Keith",USA,236,899,995,01:25:48,06:28:41,04:26:53,12:28:56,---,Ironman 140.6,Zurich,Switzerland,Europe,M,2011,20110710,switzerland,40-44
"Mcfadyen, James",GBR,237,900,996,01:15:51,06:17:25,04:48:01,12:29:07,---,Ironman 140.6,Zurich,Switzerland,Europe,M,2011,20110710,switzerland,40-44
"Muñoz Salazar, Joan",ESP,238,901,998,01:16:29,06:29:51,04:34:05,12:29:16,---,Ironman 140.6,Zurich,Switzerland,Europe,M,2011,20110710,switzerland,40-44
"White, Marc",CHE,239,902,1000,01:06:21,06:11:29,05:02:36,12:29:38,---,Ironman 140.6,Zurich,Switzerland,Europe,M,2011,20110710,switzerland,40-44
"Vibert, Phil",GBR,240,904,1004,01:26:25,06:04:48,04:49:58,12:30:15,---,Ironman 140.6,Zurich,Switzerland,Europe,M,2011,20110710,switzerland,40-44
"Boillereau, Frederic",GBR,241,910,1011,01:17:49,06:24:26,04:40:49,12:31:28,---,Ironman 140.6,Zurich,Switzerland,Europe,M,2011,20110710,switzerland,40-44
"Pierre, Etienne",BEL,242,912,1013,01:29:59,06:16:31,04:33:13,12:31:51,---,Ironman 140.6,Zurich,Switzerland,Europe,M,2011,20110710,switzerland,40-44
"Navarro, Carlos",CHE,243,921,1023,01:25:44,06:16:36,04:43:19,12:33:04,---,Ironman 140.6,Zurich,Switzerland,Europe,M,2011,20110710,switzerland,40-44
"Valentine, David",DEU,245,932,1035,01:27:40,06:21:51,04:39:09,12:35:34,---,Ironman 140.6,Zurich,Switzerland,Europe,M,2011,20110710,switzerland,40-44
"Caroli, Fabrizio",ITA,246,935,1038,01:18:23,06:43:31,04:22:05,12:35:52,---,Ironman 140.6,Zurich,Switzerland,Europe,M,2011,20110710,switzerland,40-44
"Bidoli, Gianluca",---,248,948,1055,01:08:02,06:47:58,04:33:20,12:40:14,---,Ironman 140.6,Zurich,Switzerland,Europe,M,2011,20110710,switzerland,40-44
"Pietrus, Bernd",CHE,249,949,1056,01:23:30,06:05:28,05:03:41,12:40:18,---,Ironman 140.6,Zurich,Switzerland,Europe,M,2011,20110710,switzerland,40-44
"Ryan, Declan",GBR,250,950,1057,01:16:05,06:46:17,04:22:44,12:40:58,---,Ironman 140.6,Zurich,Switzerland,Europe,M,2011,20110710,switzerland,40-44
"Anderegg, Kurt",CHE,251,964,1072,01:23:13,06:26:53,04:38:34,12:42:14,---,Ironman 140.6,Zurich,Switzerland,Europe,M,2011,20110710,switzerland,40-44
"Meganck, Richard",BEL,252,967,1075,01:27:40,06:58:40,04:02:38,12:42:59,---,Ironman 140.6,Zurich,Switzerland,Europe,M,2011,20110710,switzerland,40-44
"Abplanalp, Alexander",CHE,253,968,1076,01:11:04,06:23:23,04:56:35,12:43:05,---,Ironman 140.6,Zurich,Switzerland,Europe,M,2011,20110710,switzerland,40-44
"Gómez-Portales, Juan",ESP,254,973,1082,01:22:20,06:29:51,04:40:57,12:44:03,---,Ironman 140.6,Zurich,Switzerland,Europe,M,2011,20110710,switzerland,40-44
"Mühlebach, Daniel",CHE,255,977,1088,01:14:04,06:22:45,04:54:21,12:44:31,---,Ironman 140.6,Zurich,Switzerland,Europe,M,2011,20110710,switzerland,40-44
"Specht, Dominique",CHE,256,984,1095,01:21:31,06:18:35,04:59:36,12:45:21,---,Ironman 140.6,Zurich,Switzerland,Europe,M,2011,20110710,switzerland,40-44
"Kurcz, Peter",CHE,257,988,1099,01:29:43,05:47:27,05:18:26,12:46:00,---,Ironman 140.6,Zurich,Switzerland,Europe,M,2011,20110710,switzerland,40-44
"Islin, Jens",DNK,258,989,1100,01:35:48,06:27:16,04:32:20,12:46:05,---,Ironman 140.6,Zurich,Switzerland,Europe,M,2011,20110710,switzerland,40-44
"Jonker, Hajo",NLD,259,997,1108,01:27:20,06:23:45,04:48:31,12:46:55,---,Ironman 140.6,Zurich,Switzerland,Europe,M,2011,20110710,switzerland,40-44
"Pérez, Carlos",ESP,260,998,1110,01:17:04,06:55:16,04:25:01,12:47:24,---,Ironman 140.6,Zurich,Switzerland,Europe,M,2011,20110710,switzerland,40-44
"Vagaggini, Paolo",ITA,261,1000,1112,01:43:54,06:44:42,03:59:49,12:47:36,---,Ironman 140.6,Zurich,Switzerland,Europe,M,2011,20110710,switzerland,40-44
"Fisch, Harry",CHE,262,1009,1125,01:14:10,06:26:42,04:57:56,12:50:16,---,Ironman 140.6,Zurich,Switzerland,Europe,M,2011,20110710,switzerland,40-44
"Widmer, Urs",CHE,263,1011,1127,01:15:19,06:31:03,04:57:45,12:51:16,---,Ironman 140.6,Zurich,Switzerland,Europe,M,2011,20110710,switzerland,40-44
"Ward, Alan",GBR,264,1012,1128,01:18:58,06:26:11,05:00:32,12:51:33,---,Ironman 140.6,Zurich,Switzerland,Europe,M,2011,20110710,switzerland,40-44
"Eschlbeck, Bernd",DEU,265,1024,1141,01:24:10,06:32:24,04:49:09,12:53:02,---,Ironman 140.6,Zurich,Switzerland,Europe,M,2011,20110710,switzerland,40-44
"Jones, Gareth",GBR,266,1025,1142,01:38:06,06:30:54,04:37:51,12:53:05,---,Ironman 140.6,Zurich,Switzerland,Europe,M,2011,20110710,switzerland,40-44
"James, Ashley",GBR,267,1026,1143,01:27:46,06:41:44,04:34:46,12:53:11,---,Ironman 140.6,Zurich,Switzerland,Europe,M,2011,20110710,switzerland,40-44
"Pedersen, Christian",DNK,269,1029,1147,01:21:58,06:16:52,05:06:10,12:54:23,---,Ironman 140.6,Zurich,Switzerland,Europe,M,2011,20110710,switzerland,40-44
"Kerr, John",GBR,270,1036,1154,01:29:04,06:48:33,04:31:00,12:56:10,---,Ironman 140.6,Zurich,Switzerland,Europe,M,2011,20110710,switzerland,40-44
"Roethlisberger, Alain Patric",CHE,272,1039,1160,01:27:22,06:33:45,04:49:42,12:57:43,---,Ironman 140.6,Zurich,Switzerland,Europe,M,2011,20110710,switzerland,40-44
"Wyatt, Grant",GBR,273,1044,1166,01:24:43,06:43:31,04:41:43,12:59:50,---,Ironman 140.6,Zurich,Switzerland,Europe,M,2011,20110710,switzerland,40-44
"Ghyselinck, Sven",BEL,274,1047,1169,01:40:00,06:45:02,04:20:28,12:59:57,---,Ironman 140.6,Zurich,Switzerland,Europe,M,2011,20110710,switzerland,40-44
"Zeller, Heinz",CHE,275,1051,1173,01:31:36,06:34:36,04:41:01,13:02:16,---,Ironman 140.6,Zurich,Switzerland,Europe,M,2011,20110710,switzerland,40-44
"Leatherbarrow, David",GBR,276,1052,1174,01:31:18,06:56:48,04:27:01,13:02:21,---,Ironman 140.6,Zurich,Switzerland,Europe,M,2011,20110710,switzerland,40-44
"Waller, Bradley",USA,277,1055,1178,01:05:19,06:17:38,05:35:37,13:03:43,---,Ironman 140.6,Zurich,Switzerland,Europe,M,2011,20110710,switzerland,40-44
"Sterchi, Peter",CHE,278,1058,1182,01:37:48,06:37:15,04:30:40,13:04:46,---,Ironman 140.6,Zurich,Switzerland,Europe,M,2011,20110710,switzerland,40-44
"Stricker, Andres",DEU,279,1060,1184,01:34:14,06:48:22,04:33:06,13:05:18,---,Ironman 140.6,Zurich,Switzerland,Europe,M,2011,20110710,switzerland,40-44
"Link, Markus",CHE,280,1061,1185,01:46:42,06:30:42,04:43:07,13:05:19,---,Ironman 140.6,Zurich,Switzerland,Europe,M,2011,20110710,switzerland,40-44
"Jannuzzi, Chris",USA,281,1067,1191,01:16:47,06:37:53,05:02:46,13:05:50,---,Ironman 140.6,Zurich,Switzerland,Europe,M,2011,20110710,switzerland,40-44
"Laggner, Siegfried",AUT,283,1070,1196,02:05:37,06:34:01,11:01:42,13:07:19,---,Ironman 140.6,Zurich,Switzerland,Europe,M,2011,20110710,switzerland,40-44
"Vreeland, Doug",USA,284,1074,1200,01:14:36,06:33:01,05:13:35,13:07:42,---,Ironman 140.6,Zurich,Switzerland,Europe,M,2011,20110710,switzerland,40-44
"Hervé, Rico",FRA,285,1075,1201,01:17:44,06:38:55,05:02:31,13:07:42,---,Ironman 140.6,Zurich,Switzerland,Europe,M,2011,20110710,switzerland,40-44
"Thinus, Bertrand",FRA,286,1084,1212,01:22:12,06:29:48,05:08:32,13:10:21,---,Ironman 140.6,Zurich,Switzerland,Europe,M,2011,20110710,switzerland,40-44
"Harriman, Julian",GBR,288,1098,1231,01:18:58,06:39:30,05:02:02,13:14:27,---,Ironman 140.6,Zurich,Switzerland,Europe,M,2011,20110710,switzerland,40-44
"Marshall, Gordon",GBR,289,1103,1236,01:29:36,06:43:42,04:55:14,13:17:21,---,Ironman 140.6,Zurich,Switzerland,Europe,M,2011,20110710,switzerland,40-44
"Alcober, Miguel",ESP,290,1104,1237,01:27:06,07:15:28,04:11:56,13:17:30,---,Ironman 140.6,Zurich,Switzerland,Europe,M,2011,20110710,switzerland,40-44
"Mcallister, Gareth",GBR,291,1109,1242,01:25:34,06:53:11,04:51:23,13:19:35,---,Ironman 140.6,Zurich,Switzerland,Europe,M,2011,20110710,switzerland,40-44
"Humby, Michael",IRL,292,1110,1243,01:25:36,06:57:04,04:48:16,13:19:49,---,Ironman 140.6,Zurich,Switzerland,Europe,M,2011,20110710,switzerland,40-44
"Griggs, Neil",GBR,293,1112,1245,01:14:12,06:37:33,05:17:42,13:20:10,---,Ironman 140.6,Zurich,Switzerland,Europe,M,2011,20110710,switzerland,40-44
"Bennett, Dave",CYM,294,1113,1246,01:23:21,06:55:56,04:47:52,13:20:28,---,Ironman 140.6,Zurich,Switzerland,Europe,M,2011,20110710,switzerland,40-44
"Howard, Chris",IRL,295,1114,1247,01:25:08,06:59:48,04:46:06,13:20:30,---,Ironman 140.6,Zurich,Switzerland,Europe,M,2011,20110710,switzerland,40-44
"Riera Bassa, Jaime",ESP,296,1115,1248,01:31:47,06:18:28,05:21:59,13:21:07,---,Ironman 140.6,Zurich,Switzerland,Europe,M,2011,20110710,switzerland,40-44
"Dunleavy, Mark",IRL,297,1119,1252,01:15:34,06:53:34,05:02:28,13:22:10,---,Ironman 140.6,Zurich,Switzerland,Europe,M,2011,20110710,switzerland,40-44
"Coray, Roger",CHE,299,1125,1260,01:31:03,06:33:58,05:13:39,13:23:49,---,Ironman 140.6,Zurich,Switzerland,Europe,M,2011,20110710,switzerland,40-44
"Schott, Enrik",FRA,300,1126,1261,01:37:05,06:58:02,04:30:41,13:24:04,---,Ironman 140.6,Zurich,Switzerland,Europe,M,2011,20110710,switzerland,40-44
"Helbling, Johannes",CHE,301,1130,1265,01:21:07,06:25:44,05:26:45,13:24:24,---,Ironman 140.6,Zurich,Switzerland,Europe,M,2011,20110710,switzerland,40-44
"Crews, Eric",USA,302,1137,1272,01:30:04,06:41:46,05:06:42,13:26:27,---,Ironman 140.6,Zurich,Switzerland,Europe,M,2011,20110710,switzerland,40-44
"Sweigart, Todd",USA,303,1142,1277,01:16:18,06:36:12,05:24:33,13:27:57,---,Ironman 140.6,Zurich,Switzerland,Europe,M,2011,20110710,switzerland,40-44
"Tarpinian, Jean",FRA,304,1145,1280,01:21:44,07:17:27,04:37:17,13:29:13,---,Ironman 140.6,Zurich,Switzerland,Europe,M,2011,20110710,switzerland,40-44
"Banuls, Jerome",FRA,305,1150,1287,01:23:18,07:09:57,04:37:36,13:29:58,---,Ironman 140.6,Zurich,Switzerland,Europe,M,2011,20110710,switzerland,40-44
"Latkowski, Maciej",POL,306,1154,1293,01:51:12,07:23:06,03:55:07,13:31:15,---,Ironman 140.6,Zurich,Switzerland,Europe,M,2011,20110710,switzerland,40-44
"Davies, Mark",GBR,307,1160,1300,01:27:30,07:09:28,04:45:00,13:33:01,---,Ironman 140.6,Zurich,Switzerland,Europe,M,2011,20110710,switzerland,40-44
"Mansell, Paul",GBR,308,1163,1303,01:27:39,06:46:53,05:09:14,13:33:47,---,Ironman 140.6,Zurich,Switzerland,Europe,M,2011,20110710,switzerland,40-44
"Allan, Graeme",GBR,309,1164,1304,01:32:20,06:58:13,04:54:20,13:33:50,---,Ironman 140.6,Zurich,Switzerland,Europe,M,2011,20110710,switzerland,40-44
"Perez Herrera, Arturo",ESP,311,1173,1315,01:26:28,07:06:25,04:43:07,13:36:27,---,Ironman 140.6,Zurich,Switzerland,Europe,M,2011,20110710,switzerland,40-44
"Mclellan, Guy",GBR,312,1176,1318,01:44:10,06:40:23,05:03:39,13:37:12,---,Ironman 140.6,Zurich,Switzerland,Europe,M,2011,20110710,switzerland,40-44
"Fraga, Antonio",ESP,313,1182,1326,01:14:40,07:01:44,05:08:51,13:39:05,---,Ironman 140.6,Zurich,Switzerland,Europe,M,2011,20110710,switzerland,40-44
"Astolfi, David",ITA,314,1186,1332,01:36:19,07:00:32,04:46:46,13:40:06,---,Ironman 140.6,Zurich,Switzerland,Europe,M,2011,20110710,switzerland,40-44
"Morton, Andrew",GBR,316,1192,1342,01:23:29,07:13:35,04:52:43,13:42:23,---,Ironman 140.6,Zurich,Switzerland,Europe,M,2011,20110710,switzerland,40-44
"Mecacci, Gabriele",ITA,317,1200,1352,01:28:01,07:08:07,04:49:54,13:44:47,---,Ironman 140.6,Zurich,Switzerland,Europe,M,2011,20110710,switzerland,40-44
"Atkinson, Peter",GBR,318,1207,1362,01:23:38,06:47:52,05:23:10,13:46:37,---,Ironman 140.6,Zurich,Switzerland,Europe,M,2011,20110710,switzerland,40-44
"O'Toole, Gregory",GBR,319,1209,1364,01:24:34,06:49:47,05:24:55,13:46:45,---,Ironman 140.6,Zurich,Switzerland,Europe,M,2011,20110710,switzerland,40-44
"Van Den Elsen, Marcus",NLD,320,1210,1365,01:43:35,07:22:33,04:23:11,13:47:46,---,Ironman 140.6,Zurich,Switzerland,Europe,M,2011,20110710,switzerland,40-44
"Oakland, Simon",GBR,321,1211,1366,01:34:51,07:25:37,04:31:50,13:47:52,---,Ironman 140.6,Zurich,Switzerland,Europe,M,2011,20110710,switzerland,40-44
"Canderle, Sebastien",GBR,322,1212,1367,01:20:43,07:17:48,05:02:53,13:48:03,---,Ironman 140.6,Zurich,Switzerland,Europe,M,2011,20110710,switzerland,40-44
"Mcmanus, Fergal",IRL,323,1213,1368,01:30:00,06:55:13,05:04:55,13:48:43,---,Ironman 140.6,Zurich,Switzerland,Europe,M,2011,20110710,switzerland,40-44
"Ancarani, Nicola",ITA,326,1225,1384,01:21:07,06:57:54,05:21:16,13:52:55,---,Ironman 140.6,Zurich,Switzerland,Europe,M,2011,20110710,switzerland,40-44
"Burnside, Phil",GBR,327,1229,1390,01:51:02,06:44:35,05:05:09,13:54:05,---,Ironman 140.6,Zurich,Switzerland,Europe,M,2011,20110710,switzerland,40-44
"Wootton, Keith",GBR,328,1233,1395,01:22:41,07:45:14,04:38:28,13:55:50,---,Ironman 140.6,Zurich,Switzerland,Europe,M,2011,20110710,switzerland,40-44
"Berger, Gedeon",---,329,1235,1398,01:30:53,06:43:23,05:28:04,13:57:01,---,Ironman 140.6,Zurich,Switzerland,Europe,M,2011,20110710,switzerland,40-44
"Tilke, Warren",GBR,330,1241,1404,01:32:37,06:54:02,05:26:08,13:59:24,---,Ironman 140.6,Zurich,Switzerland,Europe,M,2011,20110710,switzerland,40-44
"Pollard, Simeon",GBR,331,1244,1407,01:50:07,06:25:16,05:37:17,14:00:42,---,Ironman 140.6,Zurich,Switzerland,Europe,M,2011,20110710,switzerland,40-44
"Penas, David",ESP,332,1246,1409,01:34:23,07:22:59,04:44:29,14:00:59,---,Ironman 140.6,Zurich,Switzerland,Europe,M,2011,20110710,switzerland,40-44
"Down, Nigel",GBR,333,1249,1413,01:25:56,07:25:09,05:04:13,14:02:45,---,Ironman 140.6,Zurich,Switzerland,Europe,M,2011,20110710,switzerland,40-44
"Tansley, Adrian",GBR,334,1254,1418,01:23:16,06:16:04,06:12:28,14:04:18,---,Ironman 140.6,Zurich,Switzerland,Europe,M,2011,20110710,switzerland,40-44
"Mayo, Santiago",CHE,335,1260,1425,01:41:58,06:16:06,06:01:50,14:06:28,---,Ironman 140.6,Zurich,Switzerland,Europe,M,2011,20110710,switzerland,40-44
"Mcalister, David",USA,336,1261,1426,02:11:45,06:57:51,11:55:23,14:07:08,---,Ironman 140.6,Zurich,Switzerland,Europe,M,2011,20110710,switzerland,40-44
"Blanchard, Christophe",FRA,337,1264,1429,01:43:08,07:11:38,05:03:54,14:08:04,---,Ironman 140.6,Zurich,Switzerland,Europe,M,2011,20110710,switzerland,40-44
"Jennings, Mathew",AUS,338,1265,1430,00:57:19,05:24:33,07:43:14,14:08:17,---,Ironman 140.6,Zurich,Switzerland,Europe,M,2011,20110710,switzerland,40-44
"Kobold, Sven",---,339,1269,1435,01:23:17,07:25:20,04:57:32,14:12:01,---,Ironman 140.6,Zurich,Switzerland,Europe,M,2011,20110710,switzerland,40-44
"Vickers, Russell",GBR,341,1278,1446,01:30:01,07:09:08,05:23:36,14:17:01,---,Ironman 140.6,Zurich,Switzerland,Europe,M,2011,20110710,switzerland,40-44
"Petit, Gabriel",FRA,343,1280,1449,01:27:47,06:55:46,05:45:06,14:19:23,---,Ironman 140.6,Zurich,Switzerland,Europe,M,2011,20110710,switzerland,40-44
"Kerrish, Matthew",AUS,344,1289,1462,01:15:27,06:57:26,06:06:16,14:27:05,---,Ironman 140.6,Zurich,Switzerland,Europe,M,2011,20110710,switzerland,40-44
"Eveningred, Scott",USA,345,1290,1463,01:29:53,07:01:05,05:48:25,14:27:31,---,Ironman 140.6,Zurich,Switzerland,Europe,M,2011,20110710,switzerland,40-44
"Paino, Juan",ESP,348,1302,1478,01:22:26,07:09:04,05:45:40,14:31:13,---,Ironman 140.6,Zurich,Switzerland,Europe,M,2011,20110710,switzerland,40-44
"Ames, Brandon",USA,349,1303,1479,01:25:49,07:17:57,05:39:02,14:31:16,---,Ironman 140.6,Zurich,Switzerland,Europe,M,2011,20110710,switzerland,40-44
"Mathews, Glenn",GBR,353,1323,1504,01:24:15,07:21:35,05:43:22,14:45:28,---,Ironman 140.6,Zurich,Switzerland,Europe,M,2011,20110710,switzerland,40-44
"Benun, Daniel",USA,355,1327,1510,01:56:07,07:34:25,12:52:31,14:48:38,---,Ironman 140.6,Zurich,Switzerland,Europe,M,2011,20110710,switzerland,40-44
"Herrlin, Peter",GBR,356,1328,1511,01:34:12,07:47:50,05:08:51,14:50:12,---,Ironman 140.6,Zurich,Switzerland,Europe,M,2011,20110710,switzerland,40-44
"Gonzalez Feliciano, Francisco",ESP,357,1336,1519,01:20:03,07:24:39,05:56:52,14:52:22,---,Ironman 140.6,Zurich,Switzerland,Europe,M,2011,20110710,switzerland,40-44
"Weymann, Andreas",DEU,358,1339,1524,01:50:27,07:41:28,05:14:35,14:55:32,---,Ironman 140.6,Zurich,Switzerland,Europe,M,2011,20110710,switzerland,40-44
"Bronder, Joakm",NOR,359,1341,1526,01:27:45,07:52:09,05:24:18,14:58:27,---,Ironman 140.6,Zurich,Switzerland,Europe,M,2011,20110710,switzerland,40-44
"Ballarin, Miquel",ESP,360,1343,1528,01:23:48,07:38:24,05:43:33,15:00:04,---,Ironman 140.6,Zurich,Switzerland,Europe,M,2011,20110710,switzerland,40-44
"Morger, Mario",CHE,361,1345,1530,01:44:22,07:27:32,05:32:49,15:01:19,---,Ironman 140.6,Zurich,Switzerland,Europe,M,2011,20110710,switzerland,40-44
"Morris, Paul",GBR,362,1346,1532,01:30:58,07:47:51,05:32:13,15:01:58,---,Ironman 140.6,Zurich,Switzerland,Europe,M,2011,20110710,switzerland,40-44
"Povey, Michael",GBR,364,1349,1538,01:34:03,07:31:29,05:49:47,15:05:38,---,Ironman 140.6,Zurich,Switzerland,Europe,M,2011,20110710,switzerland,40-44
"Poonsaengsathit, Ronald",THA,365,1351,1540,01:31:00,08:01:24,05:19:33,15:07:27,---,Ironman 140.6,Zurich,Switzerland,Europe,M,2011,20110710,switzerland,40-44
"Ocampo Sanabria, Armando",CRI,367,1357,1547,01:33:42,07:12:49,06:20:08,15:17:44,---,Ironman 140.6,Zurich,Switzerland,Europe,M,2011,20110710,switzerland,40-44
"Ballard, James",GBR,368,1358,1548,01:35:51,07:04:32,06:15:44,15:17:44,---,Ironman 140.6,Zurich,Switzerland,Europe,M,2011,20110710,switzerland,40-44
"Wakeham, Steve",GBR,369,1375,1567,01:58:09,07:32:19,13:30:29,15:28:38,---,Ironman 140.6,Zurich,Switzerland,Europe,M,2011,20110710,switzerland,40-44
"Farrell, Michael",IRL,370,1381,1573,01:26:09,07:08:24,06:39:38,15:32:57,---,Ironman 140.6,Zurich,Switzerland,Europe,M,2011,20110710,switzerland,40-44
"Watson, Peter",GBR,371,1386,1580,01:44:37,07:41:00,05:33:57,15:34:59,---,Ironman 140.6,Zurich,Switzerland,Europe,M,2011,20110710,switzerland,40-44
"Hagen, Brad",USA,373,1394,1596,01:42:37,07:42:52,06:07:10,15:50:36,---,Ironman 140.6,Zurich,Switzerland,Europe,M,2011,20110710,switzerland,40-44
"Ammann, Christian",CHE,---,---,---,01:12:46,05:53:47,---,DNF,---,Ironman 140.6,Zurich,Switzerland,Europe,M,2011,20110710,switzerland,40-44
"Azurmendi Ubarrechena, Jose Ramon",ESP,---,---,---,---,---,---,DNS,---,Ironman 140.6,Zurich,Switzerland,Europe,M,2011,20110710,switzerland,40-44
"Bernkopf, Patrik",CHE,---,---,---,---,---,---,DNS,---,Ironman 140.6,Zurich,Switzerland,Europe,M,2011,20110710,switzerland,40-44
"Boecker, Shawn",CAN,---,---,---,01:36:18,---,---,DNF,---,Ironman 140.6,Zurich,Switzerland,Europe,M,2011,20110710,switzerland,40-44
"Bounds, James",USA,---,---,---,---,---,---,DNS,---,Ironman 140.6,Zurich,Switzerland,Europe,M,2011,20110710,switzerland,40-44
"Bravén, Kjell",SWE,---,---,---,---,---,---,DNS,---,Ironman 140.6,Zurich,Switzerland,Europe,M,2011,20110710,switzerland,40-44
"Carranco, Ernesto",MEX,---,---,---,01:12:04,---,---,DNF,---,Ironman 140.6,Zurich,Switzerland,Europe,M,2011,20110710,switzerland,40-44
"Cawood, Craig",SGP,---,---,---,---,---,---,DNS,---,Ironman 140.6,Zurich,Switzerland,Europe,M,2011,20110710,switzerland,40-44
"Contrino, Gaetan",FRA,---,---,---,---,---,---,DNS,---,Ironman 140.6,Zurich,Switzerland,Europe,M,2011,20110710,switzerland,40-44
"Cordoba, Fernando",MEX,---,---,---,01:03:37,06:18:34,---,DNF,---,Ironman 140.6,Zurich,Switzerland,Europe,M,2011,20110710,switzerland,40-44
"Cornelius, Asher",USA,---,---,---,01:17:39,08:07:34,---,DNF,---,Ironman 140.6,Zurich,Switzerland,Europe,M,2011,20110710,switzerland,40-44
"Crake, Shannon",AUS,---,---,---,---,---,---,DNS,---,Ironman 140.6,Zurich,Switzerland,Europe,M,2011,20110710,switzerland,40-44
"Deniz, Sedat",TUR,---,---,---,01:22:56,05:52:56,---,DNF,---,Ironman 140.6,Zurich,Switzerland,Europe,M,2011,20110710,switzerland,40-44
"Doulias, Nick",CAN,---,---,---,---,---,---,DNS,---,Ironman 140.6,Zurich,Switzerland,Europe,M,2011,20110710,switzerland,40-44
"Duncan, Mark",GBR,---,---,---,---,---,---,DNS,---,Ironman 140.6,Zurich,Switzerland,Europe,M,2011,20110710,switzerland,40-44
"Elorriaga, Josu",ESP,---,---,---,00:48:46,---,---,DNF,---,Ironman 140.6,Zurich,Switzerland,Europe,M,2011,20110710,switzerland,40-44
"Fehrlin, Raoul",CHE,---,---,---,---,---,---,DNS,---,Ironman 140.6,Zurich,Switzerland,Europe,M,2011,20110710,switzerland,40-44
"Fernandez-Mira, Angel",ESP,---,---,---,01:26:28,06:49:47,---,DNF,---,Ironman 140.6,Zurich,Switzerland,Europe,M,2011,20110710,switzerland,40-44
"Freudenberger, Stefan",DEU,---,---,---,---,---,---,DNS,---,Ironman 140.6,Zurich,Switzerland,Europe,M,2011,20110710,switzerland,40-44
"Galvez Leiva, Marcelo",CHL,---,---,---,---,---,---,DNS,---,Ironman 140.6,Zurich,Switzerland,Europe,M,2011,20110710,switzerland,40-44
"Garaventa, Vittorio",ITA,---,---,---,01:01:46,05:29:23,---,DNF,---,Ironman 140.6,Zurich,Switzerland,Europe,M,2011,20110710,switzerland,40-44
"Gaunt, Alex",GBR,---,---,---,---,---,---,DNS,---,Ironman 140.6,Zurich,Switzerland,Europe,M,2011,20110710,switzerland,40-44
"Geissler, Wolfgang",DEU,---,---,---,---,---,---,DNS,---,Ironman 140.6,Zurich,Switzerland,Europe,M,2011,20110710,switzerland,40-44
"Gluszkowski, Bogumil",POL,---,---,---,00:58:09,05:11:00,---,DNF,---,Ironman 140.6,Zurich,Switzerland,Europe,M,2011,20110710,switzerland,40-44
"Graham, Angus",CHE,---,---,---,---,---,---,DNS,---,Ironman 140.6,Zurich,Switzerland,Europe,M,2011,20110710,switzerland,40-44
"Haldenstein, Felix",CHE,---,---,---,---,---,---,DNS,---,Ironman 140.6,Zurich,Switzerland,Europe,M,2011,20110710,switzerland,40-44
"Hansen, Frank",DNK,---,---,---,01:25:27,---,---,DNF,---,Ironman 140.6,Zurich,Switzerland,Europe,M,2011,20110710,switzerland,40-44
"Huber, Thomas",SGP,---,---,---,---,---,---,DNS,---,Ironman 140.6,Zurich,Switzerland,Europe,M,2011,20110710,switzerland,40-44
"Huet, Jeff",FRA,---,---,---,01:21:04,07:16:48,---,DNF,---,Ironman 140.6,Zurich,Switzerland,Europe,M,2011,20110710,switzerland,40-44
"Huggler, Christian",FRA,---,---,---,---,---,---,DNS,---,Ironman 140.6,Zurich,Switzerland,Europe,M,2011,20110710,switzerland,40-44
"Jaume, Soler Serrano",ESP,---,---,---,---,---,---,DNS,---,Ironman 140.6,Zurich,Switzerland,Europe,M,2011,20110710,switzerland,40-44
"Jeske, Roman",DEU,---,---,---,---,---,---,DNS,---,Ironman 140.6,Zurich,Switzerland,Europe,M,2011,20110710,switzerland,40-44
"Johnson, Martin",SWE,---,---,---,---,---,---,DNS,---,Ironman 140.6,Zurich,Switzerland,Europe,M,2011,20110710,switzerland,40-44
"Jones, Paul",GBR,---,---,---,01:28:04,06:44:22,---,DNF,---,Ironman 140.6,Zurich,Switzerland,Europe,M,2011,20110710,switzerland,40-44
"Kiser, Daniel",CHE,---,---,---,---,---,---,DNS,---,Ironman 140.6,Zurich,Switzerland,Europe,M,2011,20110710,switzerland,40-44
"Kunt, Christian",DEU,---,---,---,01:20:12,---,---,DNF,---,Ironman 140.6,Zurich,Switzerland,Europe,M,2011,20110710,switzerland,40-44
"Lanter, Guido",---,---,---,---,---,---,---,DNS,---,Ironman 140.6,Zurich,Switzerland,Europe,M,2011,20110710,switzerland,40-44
"Li, Patrik",CHE,---,---,---,---,---,---,DNS,---,Ironman 140.6,Zurich,Switzerland,Europe,M,2011,20110710,switzerland,40-44
"Maggitti, Francesco",ITA,---,---,---,---,---,---,DNS,---,Ironman 140.6,Zurich,Switzerland,Europe,M,2011,20110710,switzerland,40-44
"Mc Gettigan, Liam",IRL,---,---,---,---,---,---,DNS,---,Ironman 140.6,Zurich,Switzerland,Europe,M,2011,20110710,switzerland,40-44
"Mombaur, Patrick",DEU,---,---,---,---,---,---,DNS,---,Ironman 140.6,Zurich,Switzerland,Europe,M,2011,20110710,switzerland,40-44
"Morin, Yves",FRA,---,---,---,01:18:05,07:02:02,---,DNF,---,Ironman 140.6,Zurich,Switzerland,Europe,M,2011,20110710,switzerland,40-44
"Naves Rivero, Julio Cesar",ESP,---,---,---,---,---,---,DNS,---,Ironman 140.6,Zurich,Switzerland,Europe,M,2011,20110710,switzerland,40-44
"Nithyanantham, Gunananthan",MYS,---,---,---,---,---,---,DNS,---,Ironman 140.6,Zurich,Switzerland,Europe,M,2011,20110710,switzerland,40-44
"O'Halloran, Grant",AUS,---,---,---,01:09:48,06:29:54,05:06:17,DNF,---,Ironman 140.6,Zurich,Switzerland,Europe,M,2011,20110710,switzerland,40-44
"Pagani, Daniele",ITA,---,---,---,01:06:25,06:12:19,---,DNF,---,Ironman 140.6,Zurich,Switzerland,Europe,M,2011,20110710,switzerland,40-44
"Parra, Alain",FRA,---,---,---,---,---,---,DNS,---,Ironman 140.6,Zurich,Switzerland,Europe,M,2011,20110710,switzerland,40-44
"Pawlak, Grzegorz",POL,---,---,---,---,---,---,DNS,---,Ironman 140.6,Zurich,Switzerland,Europe,M,2011,20110710,switzerland,40-44
"Peters, Dietmund",DEU,---,---,---,---,---,---,DNS,---,Ironman 140.6,Zurich,Switzerland,Europe,M,2011,20110710,switzerland,40-44
"Popgruev, Ivan",USA,---,---,---,---,---,---,DNS,---,Ironman 140.6,Zurich,Switzerland,Europe,M,2011,20110710,switzerland,40-44
"Rodríguez García, Antonio",ESP,---,---,---,01:37:29,---,---,DNF,---,Ironman 140.6,Zurich,Switzerland,Europe,M,2011,20110710,switzerland,40-44
"Rokach, Amizur",ISR,---,---,---,---,---,---,DNS,---,Ironman 140.6,Zurich,Switzerland,Europe,M,2011,20110710,switzerland,40-44
"Rothacher, Jürg",CHE,---,---,---,---,---,---,DNS,---,Ironman 140.6,Zurich,Switzerland,Europe,M,2011,20110710,switzerland,40-44
"Rouse, Michael",CHN,---,---,---,---,---,---,DNS,---,Ironman 140.6,Zurich,Switzerland,Europe,M,2011,20110710,switzerland,40-44
"Saby, Baptiste",FRA,---,---,---,01:09:21,06:36:47,---,DNF,---,Ironman 140.6,Zurich,Switzerland,Europe,M,2011,20110710,switzerland,40-44
"Schäfer, Matthias",CHE,---,---,---,---,---,---,DNS,---,Ironman 140.6,Zurich,Switzerland,Europe,M,2011,20110710,switzerland,40-44
"Schmidgall, Paul",USA,---,---,---,01:19:08,---,---,DNF,---,Ironman 140.6,Zurich,Switzerland,Europe,M,2011,20110710,switzerland,40-44
"Serlet, Kurt",BEL,---,---,---,---,---,---,DNS,---,Ironman 140.6,Zurich,Switzerland,Europe,M,2011,20110710,switzerland,40-44
"Sidler, Philipp",CHE,---,---,---,01:23:22,05:57:03,---,DNF,---,Ironman 140.6,Zurich,Switzerland,Europe,M,2011,20110710,switzerland,40-44
"Smith, Nick",GBR,---,---,---,---,---,---,DNS,---,Ironman 140.6,Zurich,Switzerland,Europe,M,2011,20110710,switzerland,40-44
"Souhami, Renaud",FRA,---,---,---,---,---,---,DNS,---,Ironman 140.6,Zurich,Switzerland,Europe,M,2011,20110710,switzerland,40-44
"Sweeney, Alan",IRL,---,---,---,---,---,---,DNS,---,Ironman 140.6,Zurich,Switzerland,Europe,M,2011,20110710,switzerland,40-44
"Theodore, Phillip",USA,---,---,---,---,---,---,DNS,---,Ironman 140.6,Zurich,Switzerland,Europe,M,2011,20110710,switzerland,40-44
"Thiel, Ralf",CHE,---,---,---,---,---,---,DNS,---,Ironman 140.6,Zurich,Switzerland,Europe,M,2011,20110710,switzerland,40-44
"Tudela, Daniel",ESP,---,---,---,01:24:40,06:42:17,03:53:44,DNF,---,Ironman 140.6,Zurich,Switzerland,Europe,M,2011,20110710,switzerland,40-44
"Vallduriola, Miquel",ESP,---,---,---,---,---,---,DNS,---,Ironman 140.6,Zurich,Switzerland,Europe,M,2011,20110710,switzerland,40-44
"Vögtli, Hanspeter",CHE,---,---,---,01:17:14,05:43:00,---,DNF,---,Ironman 140.6,Zurich,Switzerland,Europe,M,2011,20110710,switzerland,40-44
"Wenger, Beat",---,---,---,---,---,---,---,DNS,---,Ironman 140.6,Zurich,Switzerland,Europe,M,2011,20110710,switzerland,40-44
"Wickihalter, Markus",CHE,---,---,---,01:11:22,05:37:23,---,DNF,---,Ironman 140.6,Zurich,Switzerland,Europe,M,2011,20110710,switzerland,40-44
"Widmer, Pascal",CHE,---,---,---,01:12:10,05:33:29,---,DNF,---,Ironman 140.6,Zurich,Switzerland,Europe,M,2011,20110710,switzerland,40-44
"Wilson, Mark",NLD,---,---,---,01:11:14,05:23:01,---,DNF,---,Ironman 140.6,Zurich,Switzerland,Europe,M,2011,20110710,switzerland,40-44
"Zemmel, Raviv",ISR,---,---,---,---,---,---,DNS,---,Ironman 140.6,Zurich,Switzerland,Europe,M,2011,20110710,switzerland,40-44
"Züblin, Michael",CHE,---,---,---,---,---,---,DNS,---,Ironman 140.6,Zurich,Switzerland,Europe,M,2011,20110710,switzerland,40-44
"Martin, Karl",CHE,1,36,38,01:02:59,05:05:02,03:22:36,09:33:36,---,Ironman 140.6,Zurich,Switzerland,Europe,M,2011,20110710,switzerland,45-49
"Karlen, Stephan",CHE,2,47,50,00:55:44,05:08:06,03:30:22,09:39:17,---,Ironman 140.6,Zurich,Switzerland,Europe,M,2011,20110710,switzerland,45-49
"Marien, Nico",BEL,3,58,62,01:06:42,05:11:51,03:22:02,09:44:06,---,Ironman 140.6,Zurich,Switzerland,Europe,M,2011,20110710,switzerland,45-49
"Zarro, Dario",CHE,4,59,63,00:55:02,05:12:17,03:34:04,09:44:20,---,Ironman 140.6,Zurich,Switzerland,Europe,M,2011,20110710,switzerland,45-49
"Tonino, Tundo",CHE,5,61,65,01:02:25,05:22:20,03:16:36,09:45:34,---,Ironman 140.6,Zurich,Switzerland,Europe,M,2011,20110710,switzerland,45-49
"Christensen, Karsten",DNK,6,70,74,01:00:10,05:13:52,03:31:34,09:49:13,---,Ironman 140.6,Zurich,Switzerland,Europe,M,2011,20110710,switzerland,45-49
"Simeoni, Francesco",ITA,7,79,83,00:59:42,05:20:55,03:27:43,09:51:13,---,Ironman 140.6,Zurich,Switzerland,Europe,M,2011,20110710,switzerland,45-49
"Johansson, Fredrik",SWE,8,80,84,01:06:21,05:22:03,03:19:24,09:51:43,---,Ironman 140.6,Zurich,Switzerland,Europe,M,2011,20110710,switzerland,45-49
"Kandel, Michel",CHE,9,85,89,01:03:18,05:11:52,03:35:54,09:54:36,---,Ironman 140.6,Zurich,Switzerland,Europe,M,2011,20110710,switzerland,45-49
"Schneller, Karl",AUT,10,104,108,01:08:09,05:16:12,03:31:52,09:59:55,---,Ironman 140.6,Zurich,Switzerland,Europe,M,2011,20110710,switzerland,45-49
"Magndal, Pål",NOR,11,115,119,01:03:24,05:27:59,03:26:26,10:02:37,---,Ironman 140.6,Zurich,Switzerland,Europe,M,2011,20110710,switzerland,45-49
"Shimanovskiy, Konstantin",RUS,12,123,127,01:06:28,05:18:24,03:32:25,10:04:28,---,Ironman 140.6,Zurich,Switzerland,Europe,M,2011,20110710,switzerland,45-49
"Leimgruber, Jörg",CHE,13,134,140,---,---,02:41:10,10:09:25,---,Ironman 140.6,Zurich,Switzerland,Europe,M,2011,20110710,switzerland,45-49
"Weijers, Marcel",AUS,14,140,146,01:00:09,05:26:16,03:38:59,10:10:20,---,Ironman 140.6,Zurich,Switzerland,Europe,M,2011,20110710,switzerland,45-49
"Keller, Andi",CHE,15,142,148,01:09:33,05:20:40,03:34:18,10:10:42,---,Ironman 140.6,Zurich,Switzerland,Europe,M,2011,20110710,switzerland,45-49
"Rolfsmeyer, Juergen",CHE,16,148,156,00:58:00,05:31:05,03:41:03,10:12:44,---,Ironman 140.6,Zurich,Switzerland,Europe,M,2011,20110710,switzerland,45-49
"Leahy, Derek",IRL,17,154,162,01:18:01,05:33:16,03:18:47,10:14:23,---,Ironman 140.6,Zurich,Switzerland,Europe,M,2011,20110710,switzerland,45-49
"Wegmann, Marco",CHE,18,161,171,01:03:18,05:23:42,03:41:51,10:16:11,---,Ironman 140.6,Zurich,Switzerland,Europe,M,2011,20110710,switzerland,45-49
"Canapini, Giovanni",ITA,19,166,176,01:08:46,05:14:51,03:50:34,10:18:26,---,Ironman 140.6,Zurich,Switzerland,Europe,M,2011,20110710,switzerland,45-49
"Fickers, Daniel",BEL,20,182,194,01:16:20,05:24:59,03:33:52,10:22:50,---,Ironman 140.6,Zurich,Switzerland,Europe,M,2011,20110710,switzerland,45-49
"Fuegel, Kai",DEU,21,185,197,01:03:00,05:27:09,03:48:42,10:23:16,---,Ironman 140.6,Zurich,Switzerland,Europe,M,2011,20110710,switzerland,45-49
"Mauersberger, Thomas",DEU,22,196,208,01:02:31,05:29:14,03:48:20,10:24:40,---,Ironman 140.6,Zurich,Switzerland,Europe,M,2011,20110710,switzerland,45-49
"Steiner, Hanspeter",CHE,23,202,214,01:12:21,05:24:39,03:44:59,10:25:52,---,Ironman 140.6,Zurich,Switzerland,Europe,M,2011,20110710,switzerland,45-49
"Orsvärn, Sten",SWE,24,212,224,01:07:44,05:38:30,03:37:48,10:27:16,---,Ironman 140.6,Zurich,Switzerland,Europe,M,2011,20110710,switzerland,45-49
"Palermo, Francesco",ITA,25,216,229,01:13:46,05:42:51,03:26:25,10:27:49,---,Ironman 140.6,Zurich,Switzerland,Europe,M,2011,20110710,switzerland,45-49
"Karppinen, Mikko",FRA,26,217,230,01:10:28,05:17:29,03:55:49,10:28:00,---,Ironman 140.6,Zurich,Switzerland,Europe,M,2011,20110710,switzerland,45-49
"Luiro, Aimo",FIN,27,220,233,01:10:23,05:26:40,03:46:26,10:28:11,---,Ironman 140.6,Zurich,Switzerland,Europe,M,2011,20110710,switzerland,45-49
"Prodromos, Taki",GRC,28,222,235,01:05:58,05:32:47,03:43:26,10:28:32,---,Ironman 140.6,Zurich,Switzerland,Europe,M,2011,20110710,switzerland,45-49
"Schuetz, Herbert",CHE,29,226,239,01:05:07,05:14:21,04:05:10,10:29:15,---,Ironman 140.6,Zurich,Switzerland,Europe,M,2011,20110710,switzerland,45-49
"Weber, Steffen",CHE,30,228,241,01:00:34,05:23:07,04:03:11,10:29:29,---,Ironman 140.6,Zurich,Switzerland,Europe,M,2011,20110710,switzerland,45-49
"Reid, David",HKG,31,235,248,01:01:28,05:43:21,03:40:54,10:29:55,---,Ironman 140.6,Zurich,Switzerland,Europe,M,2011,20110710,switzerland,45-49
"Poncetta, Jean Christophe",FRA,32,248,261,01:08:37,05:36:01,03:42:03,10:31:48,---,Ironman 140.6,Zurich,Switzerland,Europe,M,2011,20110710,switzerland,45-49
"Klein, Bart",NLD,33,252,265,01:19:02,05:41:13,03:27:59,10:32:49,---,Ironman 140.6,Zurich,Switzerland,Europe,M,2011,20110710,switzerland,45-49
"Gavrilov, Vladimir",RUS,34,255,268,01:06:51,05:42:01,03:39:43,10:33:29,---,Ironman 140.6,Zurich,Switzerland,Europe,M,2011,20110710,switzerland,45-49
"Kaeppeli, Markus",CHE,35,257,270,01:12:36,05:22:35,03:53:47,10:33:37,---,Ironman 140.6,Zurich,Switzerland,Europe,M,2011,20110710,switzerland,45-49
"Creemers, Stefan",BEL,36,266,279,01:06:48,05:36:38,03:46:43,10:35:23,---,Ironman 140.6,Zurich,Switzerland,Europe,M,2011,20110710,switzerland,45-49
"Beau, Rene",DEU,37,267,280,01:07:15,05:18:14,04:06:22,10:35:39,---,Ironman 140.6,Zurich,Switzerland,Europe,M,2011,20110710,switzerland,45-49
"Hall, David",GBR,38,272,285,01:04:06,05:34:53,03:51:07,10:35:59,---,Ironman 140.6,Zurich,Switzerland,Europe,M,2011,20110710,switzerland,45-49
"Mitchell, Paul",GBR,39,282,295,01:19:43,05:44:31,03:25:54,10:38:10,---,Ironman 140.6,Zurich,Switzerland,Europe,M,2011,20110710,switzerland,45-49
"Rogerson, Kevin",GBR,40,292,306,01:18:06,05:50:06,03:26:53,10:40:19,---,Ironman 140.6,Zurich,Switzerland,Europe,M,2011,20110710,switzerland,45-49
"Aston, Andy",GBR,41,293,307,01:09:57,05:37:51,03:47:45,10:40:24,---,Ironman 140.6,Zurich,Switzerland,Europe,M,2011,20110710,switzerland,45-49
"Schellander, J Rgen",AUT,42,299,314,01:11:47,05:17:58,04:06:33,10:41:59,---,Ironman 140.6,Zurich,Switzerland,Europe,M,2011,20110710,switzerland,45-49
"Hollyoak, David",GBR,43,301,316,01:14:24,05:44:12,03:38:31,10:42:04,---,Ironman 140.6,Zurich,Switzerland,Europe,M,2011,20110710,switzerland,45-49
"De Jaegher, Lieven",BEL,44,304,319,01:05:15,05:24:30,04:08:28,10:42:35,---,Ironman 140.6,Zurich,Switzerland,Europe,M,2011,20110710,switzerland,45-49
"Ott, Thomas",CHE,45,309,324,01:27:52,05:35:12,03:35:21,10:43:34,---,Ironman 140.6,Zurich,Switzerland,Europe,M,2011,20110710,switzerland,45-49
"Wyss, Martin",CHE,46,316,332,01:11:56,05:24:25,04:04:28,10:44:52,---,Ironman 140.6,Zurich,Switzerland,Europe,M,2011,20110710,switzerland,45-49
"Rickli, Robert",CHE,47,319,335,01:16:53,05:37:08,03:45:51,10:45:40,---,Ironman 140.6,Zurich,Switzerland,Europe,M,2011,20110710,switzerland,45-49
"Cardwell, Alan",GBR,48,322,338,01:02:55,05:33:34,04:05:36,10:46:11,---,Ironman 140.6,Zurich,Switzerland,Europe,M,2011,20110710,switzerland,45-49
"Steinmann, Daniel",CHE,49,323,339,01:09:49,05:30:20,04:01:57,10:46:24,---,Ironman 140.6,Zurich,Switzerland,Europe,M,2011,20110710,switzerland,45-49
"Graf, Peter",CHE,50,324,340,01:17:18,05:33:24,03:51:04,10:46:28,---,Ironman 140.6,Zurich,Switzerland,Europe,M,2011,20110710,switzerland,45-49
"Jørgensen, Dennis",DNK,51,336,354,01:16:29,05:30:25,03:56:15,10:48:57,---,Ironman 140.6,Zurich,Switzerland,Europe,M,2011,20110710,switzerland,45-49
"Küfner, Ronald",DEU,52,337,355,01:15:23,05:41:26,03:49:00,10:49:02,---,Ironman 140.6,Zurich,Switzerland,Europe,M,2011,20110710,switzerland,45-49
"Schenker, Christoph",CHE,53,341,361,01:12:12,05:30:50,04:00:15,10:50:18,---,Ironman 140.6,Zurich,Switzerland,Europe,M,2011,20110710,switzerland,45-49
"Brandett, Joergen",CHE,54,347,367,01:12:47,05:40:51,03:50:57,10:51:13,---,Ironman 140.6,Zurich,Switzerland,Europe,M,2011,20110710,switzerland,45-49
"Jakoubek, Zdenek",CZE,55,348,369,01:26:39,05:38:42,03:42:10,10:52:05,---,Ironman 140.6,Zurich,Switzerland,Europe,M,2011,20110710,switzerland,45-49
"Augel, Juergen",DEU,56,351,372,01:17:53,05:49:41,03:36:40,10:52:15,---,Ironman 140.6,Zurich,Switzerland,Europe,M,2011,20110710,switzerland,45-49
"Selzer, Pär",DEU,57,353,374,01:17:04,05:52:46,03:36:27,10:52:40,---,Ironman 140.6,Zurich,Switzerland,Europe,M,2011,20110710,switzerland,45-49
"Flüs, Andreas",DEU,58,369,393,01:00:33,05:43:06,04:05:59,10:55:15,---,Ironman 140.6,Zurich,Switzerland,Europe,M,2011,20110710,switzerland,45-49
"Hügli, Daniel",CHE,59,390,415,01:08:08,05:48:46,03:53:02,10:58:36,---,Ironman 140.6,Zurich,Switzerland,Europe,M,2011,20110710,switzerland,45-49
"Jeandrain, Patrick",CHE,60,402,427,01:08:19,05:32:44,04:15:15,11:00:43,---,Ironman 140.6,Zurich,Switzerland,Europe,M,2011,20110710,switzerland,45-49
"Nietfeld, Peter",DEU,61,404,429,01:11:32,05:37:13,04:07:40,11:00:49,---,Ironman 140.6,Zurich,Switzerland,Europe,M,2011,20110710,switzerland,45-49
"Cubbon, Paul",GBR,62,407,433,01:11:43,05:55:32,03:49:36,11:02:00,---,Ironman 140.6,Zurich,Switzerland,Europe,M,2011,20110710,switzerland,45-49
"Flin, Lionel",FRA,63,411,437,01:25:32,05:56:18,03:34:07,11:02:41,---,Ironman 140.6,Zurich,Switzerland,Europe,M,2011,20110710,switzerland,45-49
"Maurus, Frank",---,64,414,440,01:18:31,05:46:24,03:54:10,11:03:06,---,Ironman 140.6,Zurich,Switzerland,Europe,M,2011,20110710,switzerland,45-49
"Stucki, Roger",CHE,65,425,453,01:09:50,05:45:49,04:03:50,11:05:21,---,Ironman 140.6,Zurich,Switzerland,Europe,M,2011,20110710,switzerland,45-49
"Lehmann, Peter",CHE,66,430,458,01:17:22,05:45:40,03:56:17,11:06:11,---,Ironman 140.6,Zurich,Switzerland,Europe,M,2011,20110710,switzerland,45-49
"Apicella, François",FRA,68,447,482,01:19:18,05:59:48,03:43:52,11:08:59,---,Ironman 140.6,Zurich,Switzerland,Europe,M,2011,20110710,switzerland,45-49
"Müller, Thomas",CHE,70,449,486,01:21:05,05:42:26,04:00:16,11:09:36,---,Ironman 140.6,Zurich,Switzerland,Europe,M,2011,20110710,switzerland,45-49
"Richter, Pavel",CZE,71,450,487,01:16:27,05:31:49,04:17:38,11:09:58,---,Ironman 140.6,Zurich,Switzerland,Europe,M,2011,20110710,switzerland,45-49
"Mccann, Geoffrey",AUS,72,451,488,01:03:29,05:48:04,04:14:47,11:10:10,---,Ironman 140.6,Zurich,Switzerland,Europe,M,2011,20110710,switzerland,45-49
"Duerst, Mike",CHE,73,457,495,01:17:17,05:52:37,03:55:44,11:10:52,---,Ironman 140.6,Zurich,Switzerland,Europe,M,2011,20110710,switzerland,45-49
"Ruch, Beat",CHE,74,486,525,01:12:30,05:50:22,04:02:29,11:14:47,---,Ironman 140.6,Zurich,Switzerland,Europe,M,2011,20110710,switzerland,45-49
"West, Craig",ZAF,75,492,531,01:24:02,06:00:21,03:44:35,11:16:10,---,Ironman 140.6,Zurich,Switzerland,Europe,M,2011,20110710,switzerland,45-49
"Hugi, Rolf",CHE,76,494,533,01:20:51,05:42:53,04:05:19,11:16:14,---,Ironman 140.6,Zurich,Switzerland,Europe,M,2011,20110710,switzerland,45-49
"Monaco, Mauro",CHE,77,507,547,01:14:00,05:42:04,04:17:45,11:19:00,---,Ironman 140.6,Zurich,Switzerland,Europe,M,2011,20110710,switzerland,45-49
"Van Zundert, Dirk",BEL,78,508,548,01:21:43,05:51:33,03:52:54,11:19:08,---,Ironman 140.6,Zurich,Switzerland,Europe,M,2011,20110710,switzerland,45-49
"Süssli, Philipp",CHE,79,512,552,01:19:41,05:59:23,03:41:23,11:19:29,---,Ironman 140.6,Zurich,Switzerland,Europe,M,2011,20110710,switzerland,45-49
"Schwan, Michael",THA,80,518,558,01:20:23,05:49:01,03:58:08,11:19:51,---,Ironman 140.6,Zurich,Switzerland,Europe,M,2011,20110710,switzerland,45-49
"Schuler, Othmar",CHE,81,519,559,01:35:24,05:50:10,03:43:59,11:19:53,---,Ironman 140.6,Zurich,Switzerland,Europe,M,2011,20110710,switzerland,45-49
"Krenn, Johannes",AUT,82,536,580,01:05:44,06:02:22,04:10:41,11:24:08,---,Ironman 140.6,Zurich,Switzerland,Europe,M,2011,20110710,switzerland,45-49
"Breadmore, Timothy",AUS,83,547,591,01:01:13,05:59:45,04:16:49,11:25:20,---,Ironman 140.6,Zurich,Switzerland,Europe,M,2011,20110710,switzerland,45-49
"Bernard, Gilles",FRA,84,549,593,01:10:16,06:03:23,04:02:42,11:25:40,---,Ironman 140.6,Zurich,Switzerland,Europe,M,2011,20110710,switzerland,45-49
"Guerreau, Maurice",FRA,85,551,595,01:12:45,05:27:04,04:38:08,11:26:37,---,Ironman 140.6,Zurich,Switzerland,Europe,M,2011,20110710,switzerland,45-49
"Villodres, Ricardo",ESP,86,553,597,01:10:20,06:09:01,03:55:50,11:26:57,---,Ironman 140.6,Zurich,Switzerland,Europe,M,2011,20110710,switzerland,45-49
"Bachmann, Gerald",CHE,87,555,599,00:59:13,05:13:21,05:08:56,11:27:09,---,Ironman 140.6,Zurich,Switzerland,Europe,M,2011,20110710,switzerland,45-49
"Werner, Johannes",AUT,88,563,610,01:13:52,05:41:27,04:25:30,11:28:34,---,Ironman 140.6,Zurich,Switzerland,Europe,M,2011,20110710,switzerland,45-49
"Carrozzo, Gabriele",ITA,90,589,641,01:21:31,05:57:31,04:06:47,11:34:26,---,Ironman 140.6,Zurich,Switzerland,Europe,M,2011,20110710,switzerland,45-49
"Fowler, Craig",GBR,91,596,648,01:17:12,06:25:07,03:46:50,11:36:00,---,Ironman 140.6,Zurich,Switzerland,Europe,M,2011,20110710,switzerland,45-49
"Gildemeister, Rudolf",HKG,92,606,660,01:22:03,06:06:48,04:03:28,11:38:17,---,Ironman 140.6,Zurich,Switzerland,Europe,M,2011,20110710,switzerland,45-49
"Scheller, Gerd",CHE,93,611,665,01:18:34,05:49:38,04:22:44,11:38:36,---,Ironman 140.6,Zurich,Switzerland,Europe,M,2011,20110710,switzerland,45-49
"Müller, Christian",AUT,94,615,669,01:12:05,05:42:07,04:37:36,11:38:53,---,Ironman 140.6,Zurich,Switzerland,Europe,M,2011,20110710,switzerland,45-49
"Asheri, Eldar",ISR,95,616,670,01:16:43,05:53:04,04:22:01,11:38:59,---,Ironman 140.6,Zurich,Switzerland,Europe,M,2011,20110710,switzerland,45-49
"Dentskevich, Andrew",CHE,96,618,672,01:27:45,06:08:34,03:59:06,11:39:58,---,Ironman 140.6,Zurich,Switzerland,Europe,M,2011,20110710,switzerland,45-49
"Mariani, Romeo",ITA,97,620,674,01:19:53,06:02:38,04:08:51,11:40:03,---,Ironman 140.6,Zurich,Switzerland,Europe,M,2011,20110710,switzerland,45-49
"Hofmann, Thomas",CHE,98,625,679,01:22:03,05:49:58,04:23:46,11:40:54,---,Ironman 140.6,Zurich,Switzerland,Europe,M,2011,20110710,switzerland,45-49
"Frank, Jürgen",DEU,99,642,698,01:21:31,06:14:42,04:01:57,11:43:16,---,Ironman 140.6,Zurich,Switzerland,Europe,M,2011,20110710,switzerland,45-49
"Karl, Wolfgang",DEU,100,643,699,01:18:10,06:17:22,04:01:22,11:43:21,---,Ironman 140.6,Zurich,Switzerland,Europe,M,2011,20110710,switzerland,45-49
"Amrein, Rolf",CHE,101,644,700,01:23:42,06:08:01,04:06:22,11:43:31,---,Ironman 140.6,Zurich,Switzerland,Europe,M,2011,20110710,switzerland,45-49
"Stauffer, Laurent",CHE,102,664,724,01:11:22,05:47:19,04:40:54,11:46:42,---,Ironman 140.6,Zurich,Switzerland,Europe,M,2011,20110710,switzerland,45-49
"Fleuchaus, Uwe",DEU,103,667,727,01:29:49,06:24:30,03:46:08,11:46:55,---,Ironman 140.6,Zurich,Switzerland,Europe,M,2011,20110710,switzerland,45-49
"Rutz, Beat",CHE,104,669,730,01:20:50,05:51:48,04:28:34,11:47:33,---,Ironman 140.6,Zurich,Switzerland,Europe,M,2011,20110710,switzerland,45-49
"Jenni, Markus",CHE,105,673,734,01:24:32,05:47:32,04:21:36,11:47:49,---,Ironman 140.6,Zurich,Switzerland,Europe,M,2011,20110710,switzerland,45-49
"Gavin, Alain",GBR,106,679,742,01:31:43,06:07:46,03:56:42,11:49:18,---,Ironman 140.6,Zurich,Switzerland,Europe,M,2011,20110710,switzerland,45-49
"Hobma, Christophe",FRA,107,683,747,01:09:41,05:52:49,04:38:37,11:49:43,---,Ironman 140.6,Zurich,Switzerland,Europe,M,2011,20110710,switzerland,45-49
"Mirco, Villa",ITA,109,688,753,01:29:08,06:15:43,03:54:41,11:50:01,---,Ironman 140.6,Zurich,Switzerland,Europe,M,2011,20110710,switzerland,45-49
"Manz, Thomas",CHE,110,690,755,01:20:17,05:54:49,04:25:01,11:50:17,---,Ironman 140.6,Zurich,Switzerland,Europe,M,2011,20110710,switzerland,45-49
"Herrmann, Martin",CHE,111,698,764,01:34:33,05:50:44,04:11:37,11:51:31,---,Ironman 140.6,Zurich,Switzerland,Europe,M,2011,20110710,switzerland,45-49
"Seiler, Beat",CHE,112,708,774,01:17:35,06:02:12,04:26:46,11:53:04,---,Ironman 140.6,Zurich,Switzerland,Europe,M,2011,20110710,switzerland,45-49
"Schleich, Robert",CHE,113,722,790,01:25:20,05:57:14,04:18:47,11:56:24,---,Ironman 140.6,Zurich,Switzerland,Europe,M,2011,20110710,switzerland,45-49
"Oudin, Laurent",CHE,114,728,798,01:16:09,05:53:42,04:30:14,11:57:22,---,Ironman 140.6,Zurich,Switzerland,Europe,M,2011,20110710,switzerland,45-49
"Menicori, Franco",ITA,115,730,800,01:15:37,06:14:07,04:22:46,11:57:34,---,Ironman 140.6,Zurich,Switzerland,Europe,M,2011,20110710,switzerland,45-49
"Petrucci, Guido",ITA,116,741,812,01:31:32,06:14:20,04:07:59,11:58:46,---,Ironman 140.6,Zurich,Switzerland,Europe,M,2011,20110710,switzerland,45-49
"Domenichini, Giovanni",ITA,117,744,816,01:08:30,05:58:59,04:45:51,11:59:13,---,Ironman 140.6,Zurich,Switzerland,Europe,M,2011,20110710,switzerland,45-49
"Vaes, Marc",BEL,118,748,822,01:55:33,06:07:00,10:03:58,11:59:31,---,Ironman 140.6,Zurich,Switzerland,Europe,M,2011,20110710,switzerland,45-49
"Drew, Stephen",GBR,119,757,833,01:35:34,06:20:20,03:55:20,12:01:40,---,Ironman 140.6,Zurich,Switzerland,Europe,M,2011,20110710,switzerland,45-49
"Mosetti, Nicolas",CHE,121,767,846,01:17:30,06:19:46,04:19:39,12:03:24,---,Ironman 140.6,Zurich,Switzerland,Europe,M,2011,20110710,switzerland,45-49
"Brezmes, Bernardino",CHE,122,776,855,01:17:37,06:17:52,04:17:26,12:05:28,---,Ironman 140.6,Zurich,Switzerland,Europe,M,2011,20110710,switzerland,45-49
"Whittock, Simon",GBR,123,779,859,01:17:17,06:10:01,04:32:22,12:05:56,---,Ironman 140.6,Zurich,Switzerland,Europe,M,2011,20110710,switzerland,45-49
"Morganti, Pedro",BRA,124,788,868,01:02:31,06:25:59,04:28:37,12:08:11,---,Ironman 140.6,Zurich,Switzerland,Europe,M,2011,20110710,switzerland,45-49
"Terrochaire, Rodrigue",FRA,125,806,889,01:16:51,06:25:19,04:20:29,12:11:48,---,Ironman 140.6,Zurich,Switzerland,Europe,M,2011,20110710,switzerland,45-49
"Vuithier, Pierre-André",CHE,127,809,893,01:16:07,06:17:01,04:31:57,12:12:28,---,Ironman 140.6,Zurich,Switzerland,Europe,M,2011,20110710,switzerland,45-49
"Bock, Andreas",DEU,128,810,894,01:11:26,06:24:17,04:32:44,12:12:32,---,Ironman 140.6,Zurich,Switzerland,Europe,M,2011,20110710,switzerland,45-49
"Handschin, Rodolphe",CHE,129,816,901,01:22:11,06:05:25,04:34:53,12:13:30,---,Ironman 140.6,Zurich,Switzerland,Europe,M,2011,20110710,switzerland,45-49
"Schneider, Thomas",DEU,130,817,902,01:26:33,06:04:03,04:34:41,12:13:33,---,Ironman 140.6,Zurich,Switzerland,Europe,M,2011,20110710,switzerland,45-49
"Harrison, Brian",GBR,131,826,912,01:16:04,06:19:42,04:27:09,12:14:01,---,Ironman 140.6,Zurich,Switzerland,Europe,M,2011,20110710,switzerland,45-49
"Schüepp, Daniel",CHE,132,831,919,01:20:11,06:28:55,04:18:20,12:15:21,---,Ironman 140.6,Zurich,Switzerland,Europe,M,2011,20110710,switzerland,45-49
"Amat, Toni",ESP,133,837,925,01:19:20,06:11:12,04:33:51,12:16:12,---,Ironman 140.6,Zurich,Switzerland,Europe,M,2011,20110710,switzerland,45-49
"Kistler, Fritz",SGP,134,839,927,01:22:10,05:45:45,05:00:38,12:16:37,---,Ironman 140.6,Zurich,Switzerland,Europe,M,2011,20110710,switzerland,45-49
"Frey, Paul",CHE,135,842,930,01:39:02,06:15:00,04:09:03,12:17:16,---,Ironman 140.6,Zurich,Switzerland,Europe,M,2011,20110710,switzerland,45-49
"Crescioli, Mario",ITA,136,847,936,01:19:34,06:37:54,04:13:43,12:17:38,---,Ironman 140.6,Zurich,Switzerland,Europe,M,2011,20110710,switzerland,45-49
"Rossi, Carlo",CHE,137,850,939,01:06:38,06:05:14,04:49:20,12:18:17,---,Ironman 140.6,Zurich,Switzerland,Europe,M,2011,20110710,switzerland,45-49
"Coffey, William",IRL,138,851,941,01:26:10,06:08:24,04:34:48,12:18:39,---,Ironman 140.6,Zurich,Switzerland,Europe,M,2011,20110710,switzerland,45-49
"Moses, Mark",USA,139,853,943,01:17:47,06:30:10,04:22:11,12:19:05,---,Ironman 140.6,Zurich,Switzerland,Europe,M,2011,20110710,switzerland,45-49
"Hatzi, Adrian",CHE,140,854,944,01:29:44,06:53:49,03:46:22,12:19:07,---,Ironman 140.6,Zurich,Switzerland,Europe,M,2011,20110710,switzerland,45-49
"Hiltbrand, Martin",CHE,141,862,952,01:29:41,06:06:01,04:38:01,12:19:54,---,Ironman 140.6,Zurich,Switzerland,Europe,M,2011,20110710,switzerland,45-49
"Buisson, Rory",GBR,142,866,956,01:06:15,06:12:37,04:54:23,12:20:51,---,Ironman 140.6,Zurich,Switzerland,Europe,M,2011,20110710,switzerland,45-49
"Hamon, Olivier",FRA,143,869,959,01:39:42,06:35:55,03:56:10,12:21:18,---,Ironman 140.6,Zurich,Switzerland,Europe,M,2011,20110710,switzerland,45-49
"Eardley, David",GBR,144,871,961,01:21:54,06:27:54,04:20:09,12:21:39,---,Ironman 140.6,Zurich,Switzerland,Europe,M,2011,20110710,switzerland,45-49
"Karmazsin, Peter",CAN,145,875,965,01:11:03,05:58:56,05:03:30,12:22:20,---,Ironman 140.6,Zurich,Switzerland,Europe,M,2011,20110710,switzerland,45-49
"De Smedt, Jan",BEL,146,884,977,01:34:34,06:20:34,04:14:39,12:25:08,---,Ironman 140.6,Zurich,Switzerland,Europe,M,2011,20110710,switzerland,45-49
"Absolom, Wesley",GBR,147,885,979,01:22:27,06:38:30,04:18:31,12:25:35,---,Ironman 140.6,Zurich,Switzerland,Europe,M,2011,20110710,switzerland,45-49
"Fruttaldo, Carlo",ITA,149,893,988,01:25:06,06:09:49,04:46:02,12:27:09,---,Ironman 140.6,Zurich,Switzerland,Europe,M,2011,20110710,switzerland,45-49
"Krenicky, Vlasto",SVK,150,896,992,01:50:10,06:17:08,04:10:18,12:28:02,---,Ironman 140.6,Zurich,Switzerland,Europe,M,2011,20110710,switzerland,45-49
"Jourdan, Alain",CHE,151,897,993,01:10:13,06:19:40,04:50:41,12:28:27,---,Ironman 140.6,Zurich,Switzerland,Europe,M,2011,20110710,switzerland,45-49
"Gesell, Glenn",USA,152,898,994,01:18:27,06:37:24,04:22:28,12:28:52,---,Ironman 140.6,Zurich,Switzerland,Europe,M,2011,20110710,switzerland,45-49
"Coldwell, Andrew",GBR,153,903,1002,01:36:10,06:28:21,04:10:09,12:29:57,---,Ironman 140.6,Zurich,Switzerland,Europe,M,2011,20110710,switzerland,45-49
"Gilbride, Michael",GBR,154,905,1005,01:23:54,06:39:12,04:16:25,12:30:25,---,Ironman 140.6,Zurich,Switzerland,Europe,M,2011,20110710,switzerland,45-49
"Steinemann, Roland",CHE,155,908,1008,01:12:33,06:12:09,04:56:56,12:31:05,---,Ironman 140.6,Zurich,Switzerland,Europe,M,2011,20110710,switzerland,45-49
"Klade, Stefan",CHE,156,917,1018,01:10:23,06:06:30,05:09:21,12:32:34,---,Ironman 140.6,Zurich,Switzerland,Europe,M,2011,20110710,switzerland,45-49
"Isaksson, Martin",SWE,157,924,1027,01:06:06,06:15:35,05:05:05,12:33:16,---,Ironman 140.6,Zurich,Switzerland,Europe,M,2011,20110710,switzerland,45-49
"Evans, Dave",GBR,158,927,1030,01:21:29,06:21:17,04:44:34,12:34:07,---,Ironman 140.6,Zurich,Switzerland,Europe,M,2011,20110710,switzerland,45-49
"Segura Romero, Pablo",ESP,159,930,1033,01:31:09,06:05:34,04:53:18,12:34:44,---,Ironman 140.6,Zurich,Switzerland,Europe,M,2011,20110710,switzerland,45-49
"Risius, Jeff",USA,160,938,1042,01:14:56,06:56:15,04:15:28,12:36:21,---,Ironman 140.6,Zurich,Switzerland,Europe,M,2011,20110710,switzerland,45-49
"Blatter, Philippe",CHE,162,945,1051,01:04:13,06:17:49,05:07:52,12:39:27,---,Ironman 140.6,Zurich,Switzerland,Europe,M,2011,20110710,switzerland,45-49
"Seidl, Brig",USA,163,954,1061,01:14:45,06:00:24,05:17:52,12:41:11,---,Ironman 140.6,Zurich,Switzerland,Europe,M,2011,20110710,switzerland,45-49
"Ziegler, Volker",DEU,164,958,1065,01:22:00,06:32:49,04:39:11,12:41:28,---,Ironman 140.6,Zurich,Switzerland,Europe,M,2011,20110710,switzerland,45-49
"Hill, Paul",GBR,165,963,1071,01:18:45,06:41:14,04:35:37,12:42:12,---,Ironman 140.6,Zurich,Switzerland,Europe,M,2011,20110710,switzerland,45-49
"Koster, Yoav",ISR,166,965,1073,01:26:52,07:02:09,04:01:38,12:42:22,---,Ironman 140.6,Zurich,Switzerland,Europe,M,2011,20110710,switzerland,45-49
"Lewis, Jack",GBR,167,966,1074,01:17:37,06:31:59,04:41:57,12:42:46,---,Ironman 140.6,Zurich,Switzerland,Europe,M,2011,20110710,switzerland,45-49
"Lee, David",USA,168,982,1093,01:29:35,06:23:06,04:42:56,12:45:19,---,Ironman 140.6,Zurich,Switzerland,Europe,M,2011,20110710,switzerland,45-49
"Seas, William",USA,169,991,1102,01:22:28,06:21:52,04:54:07,12:46:26,---,Ironman 140.6,Zurich,Switzerland,Europe,M,2011,20110710,switzerland,45-49
"Oehrlein, Scott",USA,170,993,1104,01:36:57,06:32:59,04:27:30,12:46:34,---,Ironman 140.6,Zurich,Switzerland,Europe,M,2011,20110710,switzerland,45-49
"Brooks, Russell",AUS,172,1006,1120,01:17:25,05:46:34,05:37:12,12:49:46,---,Ironman 140.6,Zurich,Switzerland,Europe,M,2011,20110710,switzerland,45-49
"Dwek, Steven",USA,173,1007,1121,01:27:19,06:57:44,04:13:49,12:49:50,---,Ironman 140.6,Zurich,Switzerland,Europe,M,2011,20110710,switzerland,45-49
"Horth, Stuart",GBR,175,1013,1129,01:36:08,06:13:50,04:48:58,12:51:36,---,Ironman 140.6,Zurich,Switzerland,Europe,M,2011,20110710,switzerland,45-49
"Esken, Wilfried",DEU,176,1022,1139,01:47:49,06:38:38,04:21:19,12:52:48,---,Ironman 140.6,Zurich,Switzerland,Europe,M,2011,20110710,switzerland,45-49
"Benzarti, Ahmed Walid",---,177,1023,1140,01:23:36,06:51:48,04:24:38,12:53:02,---,Ironman 140.6,Zurich,Switzerland,Europe,M,2011,20110710,switzerland,45-49
"Armon, Eilon",ISR,178,1037,1156,01:17:43,06:22:37,05:06:09,12:56:37,---,Ironman 140.6,Zurich,Switzerland,Europe,M,2011,20110710,switzerland,45-49
"Schmidt, Michael",DEU,179,1042,1163,01:33:34,06:52:00,04:12:59,12:58:30,---,Ironman 140.6,Zurich,Switzerland,Europe,M,2011,20110710,switzerland,45-49
"Hehr, Luzian",---,180,1056,1180,01:15:35,06:25:23,05:12:23,13:04:11,---,Ironman 140.6,Zurich,Switzerland,Europe,M,2011,20110710,switzerland,45-49
"Mchugh, Sean",GBR,181,1059,1183,01:18:54,06:52:52,04:45:03,13:04:47,---,Ironman 140.6,Zurich,Switzerland,Europe,M,2011,20110710,switzerland,45-49
"Moreaux, Michel",CHE,182,1066,1190,01:23:06,07:00:51,04:19:40,13:05:48,---,Ironman 140.6,Zurich,Switzerland,Europe,M,2011,20110710,switzerland,45-49
"Laurent, Masson",FRA,183,1068,1194,01:56:09,06:23:03,11:10:16,13:06:25,---,Ironman 140.6,Zurich,Switzerland,Europe,M,2011,20110710,switzerland,45-49
"Fritz, Harald",AUT,184,1073,1199,01:27:43,06:38:22,04:54:14,13:07:33,---,Ironman 140.6,Zurich,Switzerland,Europe,M,2011,20110710,switzerland,45-49
"Schnepp, Frank",DEU,185,1080,1207,01:25:49,07:03:32,04:22:03,13:08:26,---,Ironman 140.6,Zurich,Switzerland,Europe,M,2011,20110710,switzerland,45-49
"Bourke, Damian",GBR,186,1083,1211,01:22:34,06:26:45,05:04:59,13:10:15,---,Ironman 140.6,Zurich,Switzerland,Europe,M,2011,20110710,switzerland,45-49
"Kuti, Peter",HUN,187,1085,1213,01:14:35,07:21:49,04:20:07,13:10:26,---,Ironman 140.6,Zurich,Switzerland,Europe,M,2011,20110710,switzerland,45-49
"Johansen, Jes",DNK,188,1086,1214,01:20:47,06:46:18,04:52:56,13:10:44,---,Ironman 140.6,Zurich,Switzerland,Europe,M,2011,20110710,switzerland,45-49
"Andersen, Kjell",CHE,190,1090,1219,01:26:19,06:27:53,05:04:46,13:11:23,---,Ironman 140.6,Zurich,Switzerland,Europe,M,2011,20110710,switzerland,45-49
"Rogers, Declan",GBR,191,1100,1233,01:21:34,06:43:18,05:03:13,13:16:42,---,Ironman 140.6,Zurich,Switzerland,Europe,M,2011,20110710,switzerland,45-49
"Rüegg, Roger",CHE,192,1118,1251,01:37:23,06:50:55,04:36:39,13:22:06,---,Ironman 140.6,Zurich,Switzerland,Europe,M,2011,20110710,switzerland,45-49
"Graf, Volker",DEU,193,1122,1256,01:34:34,07:00:27,04:39:13,13:22:40,---,Ironman 140.6,Zurich,Switzerland,Europe,M,2011,20110710,switzerland,45-49
"Goldacker, Dirk",DEU,194,1138,1273,01:37:38,07:06:14,04:25:57,13:26:30,---,Ironman 140.6,Zurich,Switzerland,Europe,M,2011,20110710,switzerland,45-49
"Wallnutt, John",IRL,195,1144,1279,01:06:23,07:03:23,05:12:58,13:29:08,---,Ironman 140.6,Zurich,Switzerland,Europe,M,2011,20110710,switzerland,45-49
"Corderoy, Paul",GRC,196,1156,1296,01:48:52,06:10:08,05:21:06,13:32:20,---,Ironman 140.6,Zurich,Switzerland,Europe,M,2011,20110710,switzerland,45-49
"Clare, Paul",GBR,197,1157,1297,01:23:47,07:13:39,04:44:52,13:32:28,---,Ironman 140.6,Zurich,Switzerland,Europe,M,2011,20110710,switzerland,45-49
"Casanova, Isidro",ESP,198,1161,1301,01:34:17,06:28:28,05:22:11,13:33:23,---,Ironman 140.6,Zurich,Switzerland,Europe,M,2011,20110710,switzerland,45-49
"Huysegoms, Bart",BEL,199,1162,1302,01:16:21,07:16:00,04:48:17,13:33:31,---,Ironman 140.6,Zurich,Switzerland,Europe,M,2011,20110710,switzerland,45-49
"Obermaier, Javier",USA,200,1165,1305,01:31:30,06:42:04,05:11:41,13:34:01,---,Ironman 140.6,Zurich,Switzerland,Europe,M,2011,20110710,switzerland,45-49
"Watts, Tony",CYM,202,1171,1313,01:44:29,06:45:33,04:45:00,13:36:01,---,Ironman 140.6,Zurich,Switzerland,Europe,M,2011,20110710,switzerland,45-49
"Birchall, Keith",GBR,204,1190,1338,01:24:24,07:17:05,04:44:24,13:41:22,---,Ironman 140.6,Zurich,Switzerland,Europe,M,2011,20110710,switzerland,45-49
"Goll, Pascal",CHE,207,1203,1356,01:22:56,06:10:30,06:01:42,13:45:27,---,Ironman 140.6,Zurich,Switzerland,Europe,M,2011,20110710,switzerland,45-49
"Haenni, Henri",CHE,208,1206,1360,01:22:32,06:53:30,05:13:53,13:46:24,---,Ironman 140.6,Zurich,Switzerland,Europe,M,2011,20110710,switzerland,45-49
"Kaeser, Christoph",SGP,209,1216,1372,01:20:07,06:51:19,05:30:24,13:49:36,---,Ironman 140.6,Zurich,Switzerland,Europe,M,2011,20110710,switzerland,45-49
"Rochowicz, Mariusz",NOR,210,1217,1373,01:34:12,06:56:57,05:10:15,13:49:37,---,Ironman 140.6,Zurich,Switzerland,Europe,M,2011,20110710,switzerland,45-49
"Edlund, Jan",CHE,211,1219,1375,01:21:14,06:45:43,05:28:56,13:49:59,---,Ironman 140.6,Zurich,Switzerland,Europe,M,2011,20110710,switzerland,45-49
"Broguet, Olivier",FRA,212,1220,1376,01:20:05,06:59:06,05:20:12,13:50:06,---,Ironman 140.6,Zurich,Switzerland,Europe,M,2011,20110710,switzerland,45-49
"Cullen, Alan",GBR,213,1221,1377,01:45:57,06:47:11,05:07:34,13:51:00,---,Ironman 140.6,Zurich,Switzerland,Europe,M,2011,20110710,switzerland,45-49
"James, Paul",GBR,214,1234,1396,01:19:15,06:27:03,06:02:14,13:56:14,---,Ironman 140.6,Zurich,Switzerland,Europe,M,2011,20110710,switzerland,45-49
"Vigil, Daniel",USA,215,1237,1400,01:44:17,07:25:06,04:22:09,13:57:24,---,Ironman 140.6,Zurich,Switzerland,Europe,M,2011,20110710,switzerland,45-49
"Oser, Bernhard",CHE,216,1248,1411,01:17:27,06:41:05,05:56:03,14:02:32,---,Ironman 140.6,Zurich,Switzerland,Europe,M,2011,20110710,switzerland,45-49
"Lemcke, Claus",DEU,217,1250,1414,01:18:24,06:54:29,05:37:57,14:03:07,---,Ironman 140.6,Zurich,Switzerland,Europe,M,2011,20110710,switzerland,45-49
"Verheijke, Siegfried",HKG,218,1263,1428,01:29:14,06:35:26,05:52:10,14:07:54,---,Ironman 140.6,Zurich,Switzerland,Europe,M,2011,20110710,switzerland,45-49
"Joller, René",CHE,219,1268,1433,01:56:25,06:32:04,12:13:48,14:10:13,---,Ironman 140.6,Zurich,Switzerland,Europe,M,2011,20110710,switzerland,45-49
"Barbason, Didier",FRA,220,1276,1443,01:24:26,07:10:42,05:22:34,14:15:00,---,Ironman 140.6,Zurich,Switzerland,Europe,M,2011,20110710,switzerland,45-49
"Hochstrasser, Roland",CHE,221,1281,1451,01:43:31,07:30:17,04:37:06,14:21:37,---,Ironman 140.6,Zurich,Switzerland,Europe,M,2011,20110710,switzerland,45-49
"Lehmann, Torsten",---,222,1283,1453,01:31:08,07:07:01,05:31:41,14:23:03,---,Ironman 140.6,Zurich,Switzerland,Europe,M,2011,20110710,switzerland,45-49
"Mcsweeney, Larry",USA,223,1285,1455,01:40:57,07:23:30,05:12:28,14:24:20,---,Ironman 140.6,Zurich,Switzerland,Europe,M,2011,20110710,switzerland,45-49
"Wright, Simon",GBR,224,1286,1457,01:12:07,06:56:46,06:04:16,14:25:05,---,Ironman 140.6,Zurich,Switzerland,Europe,M,2011,20110710,switzerland,45-49
"Dweck, Bobby",USA,225,1288,1459,01:27:42,06:54:22,05:53:53,14:25:13,---,Ironman 140.6,Zurich,Switzerland,Europe,M,2011,20110710,switzerland,45-49
"Kerger, Peter",SGP,227,1300,1476,01:35:08,06:38:23,06:08:00,14:31:09,---,Ironman 140.6,Zurich,Switzerland,Europe,M,2011,20110710,switzerland,45-49
"Baradat, Luc-Henri",FRA,228,1304,1481,01:37:12,07:15:17,05:30:00,14:32:10,---,Ironman 140.6,Zurich,Switzerland,Europe,M,2011,20110710,switzerland,45-49
"Coppens, Erik",BEL,229,1305,1482,01:17:36,06:40:22,06:22:10,14:32:18,---,Ironman 140.6,Zurich,Switzerland,Europe,M,2011,20110710,switzerland,45-49
"Henderyckx, Pierre",BEL,230,1307,1484,01:31:12,07:46:03,05:03:30,14:32:43,---,Ironman 140.6,Zurich,Switzerland,Europe,M,2011,20110710,switzerland,45-49
"Nedebock, Hartmut",DEU,231,1316,1495,01:33:38,08:12:33,04:46:28,14:39:08,---,Ironman 140.6,Zurich,Switzerland,Europe,M,2011,20110710,switzerland,45-49
"Alvarez Gonzalez, Luis Edgardo",MEX,232,1334,1517,01:13:36,07:14:52,06:05:22,14:52:11,---,Ironman 140.6,Zurich,Switzerland,Europe,M,2011,20110710,switzerland,45-49
"Shinozaki, Koichi",JPN,233,1342,1527,01:40:46,07:50:19,05:13:36,14:58:59,---,Ironman 140.6,Zurich,Switzerland,Europe,M,2011,20110710,switzerland,45-49
"Charcon, Ilan",ISR,234,1352,1541,01:22:49,07:44:01,05:40:51,15:07:31,---,Ironman 140.6,Zurich,Switzerland,Europe,M,2011,20110710,switzerland,45-49
"Box, Robert",USA,235,1363,1553,01:31:54,07:20:18,06:20:28,15:20:35,---,Ironman 140.6,Zurich,Switzerland,Europe,M,2011,20110710,switzerland,45-49
"Bannes, John",USA,236,1364,1554,02:04:03,08:08:00,13:16:35,15:20:38,---,Ironman 140.6,Zurich,Switzerland,Europe,M,2011,20110710,switzerland,45-49
"King, Ricky",CHE,238,1365,1556,01:37:17,07:36:12,05:54:33,15:20:47,---,Ironman 140.6,Zurich,Switzerland,Europe,M,2011,20110710,switzerland,45-49
"Dobbie, Peter",GBR,239,1377,1569,01:44:43,08:16:48,05:16:49,15:30:00,---,Ironman 140.6,Zurich,Switzerland,Europe,M,2011,20110710,switzerland,45-49
"James, Hylton",GBR,241,1383,1577,01:39:27,07:59:35,05:37:44,15:33:11,---,Ironman 140.6,Zurich,Switzerland,Europe,M,2011,20110710,switzerland,45-49
"Vigil, Carlos",USA,242,1389,1588,01:39:17,08:00:13,05:37:36,15:40:13,---,Ironman 140.6,Zurich,Switzerland,Europe,M,2011,20110710,switzerland,45-49
"Schlegel, Franz Michael",DEU,243,1391,1590,01:29:57,07:01:09,06:56:01,15:40:52,---,Ironman 140.6,Zurich,Switzerland,Europe,M,2011,20110710,switzerland,45-49
"Rüegg, Raimund",CHE,244,1397,1599,01:37:42,07:57:47,06:04:04,15:55:47,---,Ironman 140.6,Zurich,Switzerland,Europe,M,2011,20110710,switzerland,45-49
"Abernathy, Jeff",USA,---,---,---,---,---,---,DNS,---,Ironman 140.6,Zurich,Switzerland,Europe,M,2011,20110710,switzerland,45-49
"Aebi, Hansjörg",CHE,---,---,---,---,---,---,DNS,---,Ironman 140.6,Zurich,Switzerland,Europe,M,2011,20110710,switzerland,45-49
"Alvarez, Xavi",ESP,---,---,---,01:40:49,---,---,DNF,---,Ironman 140.6,Zurich,Switzerland,Europe,M,2011,20110710,switzerland,45-49
"Beiersdoerfer, Thomas",DEU,---,---,---,---,---,---,DNS,---,Ironman 140.6,Zurich,Switzerland,Europe,M,2011,20110710,switzerland,45-49
"Bell, Nigel",GBR,---,---,---,---,---,---,DNS,---,Ironman 140.6,Zurich,Switzerland,Europe,M,2011,20110710,switzerland,45-49
"Blickling, Stefan",DEU,---,---,---,---,---,---,DNS,---,Ironman 140.6,Zurich,Switzerland,Europe,M,2011,20110710,switzerland,45-49
"Boag, Simon",USA,---,---,---,---,---,---,DNS,---,Ironman 140.6,Zurich,Switzerland,Europe,M,2011,20110710,switzerland,45-49
"Büchi, Christian",CHE,---,---,---,---,---,---,DNS,---,Ironman 140.6,Zurich,Switzerland,Europe,M,2011,20110710,switzerland,45-49
"Caeiro Fernando, Orlando",PRT,---,---,---,---,---,---,DNS,---,Ironman 140.6,Zurich,Switzerland,Europe,M,2011,20110710,switzerland,45-49
"Collenberg, Werner",CHE,---,---,---,01:02:59,05:17:37,---,DNF,---,Ironman 140.6,Zurich,Switzerland,Europe,M,2011,20110710,switzerland,45-49
"Cooke, Tim",GBR,---,---,---,---,---,---,DNS,---,Ironman 140.6,Zurich,Switzerland,Europe,M,2011,20110710,switzerland,45-49
"Cookman, Mike",GBR,---,---,---,01:51:32,07:46:54,---,DNF,---,Ironman 140.6,Zurich,Switzerland,Europe,M,2011,20110710,switzerland,45-49
"Decurtins, Lu",CHE,---,---,---,---,---,---,DNS,---,Ironman 140.6,Zurich,Switzerland,Europe,M,2011,20110710,switzerland,45-49
"Di Bari, Valerio",CHE,---,---,---,---,---,---,DNS,---,Ironman 140.6,Zurich,Switzerland,Europe,M,2011,20110710,switzerland,45-49
"Dogruol, Gokhan",TUR,---,---,---,01:05:10,---,---,DNF,---,Ironman 140.6,Zurich,Switzerland,Europe,M,2011,20110710,switzerland,45-49
"Echterhoff, Jochen",DEU,---,---,---,---,---,---,DNS,---,Ironman 140.6,Zurich,Switzerland,Europe,M,2011,20110710,switzerland,45-49
"Eckrich, Stefan",DEU,---,---,---,01:05:24,---,---,DNF,---,Ironman 140.6,Zurich,Switzerland,Europe,M,2011,20110710,switzerland,45-49
"Edouard, Selliti",BEL,---,---,---,01:14:23,---,---,DNF,---,Ironman 140.6,Zurich,Switzerland,Europe,M,2011,20110710,switzerland,45-49
"Egg, Stefan",AUT,---,---,---,---,---,---,DNS,---,Ironman 140.6,Zurich,Switzerland,Europe,M,2011,20110710,switzerland,45-49
"Espana, Richard",FRA,---,---,---,---,---,---,DNS,---,Ironman 140.6,Zurich,Switzerland,Europe,M,2011,20110710,switzerland,45-49
"Fadling, Daniel",CHN,---,---,---,---,---,---,DNS,---,Ironman 140.6,Zurich,Switzerland,Europe,M,2011,20110710,switzerland,45-49
"Favre, Villy",CHE,---,---,---,01:12:52,05:39:35,---,DNF,---,Ironman 140.6,Zurich,Switzerland,Europe,M,2011,20110710,switzerland,45-49
"Frossard, Pierre Alain",CHE,---,---,---,---,---,---,DNS,---,Ironman 140.6,Zurich,Switzerland,Europe,M,2011,20110710,switzerland,45-49
"Gachet, Olivier",CHE,---,---,---,01:39:51,07:04:49,---,DNF,---,Ironman 140.6,Zurich,Switzerland,Europe,M,2011,20110710,switzerland,45-49
"Garcia Lasheras, Franciso",ESP,---,---,---,01:46:06,07:01:08,---,DNF,---,Ironman 140.6,Zurich,Switzerland,Europe,M,2011,20110710,switzerland,45-49
"Gatell Carbo, Perejoan",ESP,---,---,---,---,---,---,DNS,---,Ironman 140.6,Zurich,Switzerland,Europe,M,2011,20110710,switzerland,45-49
"Giorgio, Crescioli",ITA,---,---,---,01:11:49,06:16:51,---,DNF,---,Ironman 140.6,Zurich,Switzerland,Europe,M,2011,20110710,switzerland,45-49
"Giuliani, Marcello",ITA,---,---,---,00:55:36,06:03:54,---,DNF,---,Ironman 140.6,Zurich,Switzerland,Europe,M,2011,20110710,switzerland,45-49
"Goyvaerts, Dirk",CHE,---,---,---,---,---,---,DNS,---,Ironman 140.6,Zurich,Switzerland,Europe,M,2011,20110710,switzerland,45-49
"Grüter, Andy",CHE,---,---,---,---,---,---,DNS,---,Ironman 140.6,Zurich,Switzerland,Europe,M,2011,20110710,switzerland,45-49
"Habibulin, Ali",RUS,---,---,---,00:58:29,07:57:17,---,DNF,---,Ironman 140.6,Zurich,Switzerland,Europe,M,2011,20110710,switzerland,45-49
"Higgs, John",GBR,---,---,---,02:05:09,08:05:06,---,DNF,---,Ironman 140.6,Zurich,Switzerland,Europe,M,2011,20110710,switzerland,45-49
"Hogan, William",IRL,---,---,---,01:04:05,---,---,DNF,---,Ironman 140.6,Zurich,Switzerland,Europe,M,2011,20110710,switzerland,45-49
"Howe, Cameron",AUS,---,---,---,01:06:42,---,---,DNF,---,Ironman 140.6,Zurich,Switzerland,Europe,M,2011,20110710,switzerland,45-49
"Howell, Huw",GBR,---,---,---,---,---,---,DNS,---,Ironman 140.6,Zurich,Switzerland,Europe,M,2011,20110710,switzerland,45-49
"Kalbermatter, Theodul",CHE,---,---,---,01:45:32,05:51:53,---,DNF,---,Ironman 140.6,Zurich,Switzerland,Europe,M,2011,20110710,switzerland,45-49
"kerr, kenneth",SGP,---,---,---,---,---,---,DNS,---,Ironman 140.6,Zurich,Switzerland,Europe,M,2011,20110710,switzerland,45-49
"Kohlvelter, Pascal",---,---,---,---,---,---,---,DNS,---,Ironman 140.6,Zurich,Switzerland,Europe,M,2011,20110710,switzerland,45-49
"Kuhn, Reto",CHE,---,---,---,---,---,---,DNS,---,Ironman 140.6,Zurich,Switzerland,Europe,M,2011,20110710,switzerland,45-49
"Larsson, Per-Erik",SWE,---,---,---,02:48:44,---,---,DNF,---,Ironman 140.6,Zurich,Switzerland,Europe,M,2011,20110710,switzerland,45-49
"Mondejar Escolano, Roberto",ESP,---,---,---,---,---,---,DNS,---,Ironman 140.6,Zurich,Switzerland,Europe,M,2011,20110710,switzerland,45-49
"Moser, Roland",CHE,---,---,---,---,---,---,DNS,---,Ironman 140.6,Zurich,Switzerland,Europe,M,2011,20110710,switzerland,45-49
"Moulin, Michel",FRA,---,---,---,---,---,---,DNS,---,Ironman 140.6,Zurich,Switzerland,Europe,M,2011,20110710,switzerland,45-49
"Müller, Andre",CHE,---,---,---,---,---,---,DNS,---,Ironman 140.6,Zurich,Switzerland,Europe,M,2011,20110710,switzerland,45-49
"Muñoz Alfonso, Manuel",---,---,---,---,---,---,---,DNS,---,Ironman 140.6,Zurich,Switzerland,Europe,M,2011,20110710,switzerland,45-49
"Newsome, Richard",USA,---,---,---,---,---,---,DNS,---,Ironman 140.6,Zurich,Switzerland,Europe,M,2011,20110710,switzerland,45-49
"Odorico, Hervé",FRA,---,---,---,---,---,---,DNS,---,Ironman 140.6,Zurich,Switzerland,Europe,M,2011,20110710,switzerland,45-49
"Paul, Devashish",CAN,---,---,---,01:06:20,---,---,DNF,---,Ironman 140.6,Zurich,Switzerland,Europe,M,2011,20110710,switzerland,45-49
"Porat, Ori",ISR,---,---,---,---,---,---,DNS,---,Ironman 140.6,Zurich,Switzerland,Europe,M,2011,20110710,switzerland,45-49
"Poulsen, Clark",USA,---,---,---,---,---,---,DNS,---,Ironman 140.6,Zurich,Switzerland,Europe,M,2011,20110710,switzerland,45-49
"Pressman, Steve",USA,---,---,---,---,---,---,DNS,---,Ironman 140.6,Zurich,Switzerland,Europe,M,2011,20110710,switzerland,45-49
"Pries, Peter",DEU,---,---,---,---,---,---,DNS,---,Ironman 140.6,Zurich,Switzerland,Europe,M,2011,20110710,switzerland,45-49
"Rademacher, Jürgen",DEU,---,---,---,01:05:56,06:19:50,---,DNF,---,Ironman 140.6,Zurich,Switzerland,Europe,M,2011,20110710,switzerland,45-49
"Salvi, Alberto",ITA,---,---,---,01:04:49,09:03:50,---,DNF,---,Ironman 140.6,Zurich,Switzerland,Europe,M,2011,20110710,switzerland,45-49
"Sands, Adrian",GBR,---,---,---,---,---,---,DNS,---,Ironman 140.6,Zurich,Switzerland,Europe,M,2011,20110710,switzerland,45-49
"Scherer, Stefan",CHE,---,---,---,01:24:58,06:17:56,---,DNF,---,Ironman 140.6,Zurich,Switzerland,Europe,M,2011,20110710,switzerland,45-49
"Schmid, Stefan",CHE,---,---,---,01:25:03,05:48:11,---,DNF,---,Ironman 140.6,Zurich,Switzerland,Europe,M,2011,20110710,switzerland,45-49
"Schmid, Steve",---,---,---,---,01:34:41,---,---,DNF,---,Ironman 140.6,Zurich,Switzerland,Europe,M,2011,20110710,switzerland,45-49
"Schneider, Thomas",DEU,---,---,---,---,---,---,DNS,---,Ironman 140.6,Zurich,Switzerland,Europe,M,2011,20110710,switzerland,45-49
"Steen, Flemming",DNK,---,---,---,---,---,---,DNS,---,Ironman 140.6,Zurich,Switzerland,Europe,M,2011,20110710,switzerland,45-49
"Stockum, Simon",DEU,---,---,---,---,---,---,DNS,---,Ironman 140.6,Zurich,Switzerland,Europe,M,2011,20110710,switzerland,45-49
"Strebinger, Ernst",AUT,---,---,---,---,---,---,DNS,---,Ironman 140.6,Zurich,Switzerland,Europe,M,2011,20110710,switzerland,45-49
"Talavera, Arturo",MEX,---,---,---,---,---,---,DNS,---,Ironman 140.6,Zurich,Switzerland,Europe,M,2011,20110710,switzerland,45-49
"Tanfer, Server",TUR,---,---,---,01:07:51,---,---,DNF,---,Ironman 140.6,Zurich,Switzerland,Europe,M,2011,20110710,switzerland,45-49
"Thalkofer, Oliver",DEU,---,---,---,---,---,---,DNS,---,Ironman 140.6,Zurich,Switzerland,Europe,M,2011,20110710,switzerland,45-49
"Uhler, Dani",CHE,---,---,---,01:09:43,05:20:44,---,DNF,---,Ironman 140.6,Zurich,Switzerland,Europe,M,2011,20110710,switzerland,45-49
"Vanden Berghe, Lieven",BEL,---,---,---,---,---,---,DNS,---,Ironman 140.6,Zurich,Switzerland,Europe,M,2011,20110710,switzerland,45-49
"Vatinel, François",FRA,---,---,---,---,---,---,DNS,---,Ironman 140.6,Zurich,Switzerland,Europe,M,2011,20110710,switzerland,45-49
"Volland, Thomas",CHE,---,---,---,---,---,---,DNS,---,Ironman 140.6,Zurich,Switzerland,Europe,M,2011,20110710,switzerland,45-49
"Weber, Max",CHE,---,---,---,01:15:57,06:03:37,---,DNF,---,Ironman 140.6,Zurich,Switzerland,Europe,M,2011,20110710,switzerland,45-49
"Weil, Patrick",FRA,---,---,---,01:21:44,---,---,DNF,---,Ironman 140.6,Zurich,Switzerland,Europe,M,2011,20110710,switzerland,45-49
"Wells, James",GBR,---,---,---,---,---,---,DNS,---,Ironman 140.6,Zurich,Switzerland,Europe,M,2011,20110710,switzerland,45-49
"Werthmüller, Silvio",CHE,---,---,---,01:02:17,05:26:24,---,DNF,---,Ironman 140.6,Zurich,Switzerland,Europe,M,2011,20110710,switzerland,45-49
"Würmli, Damian",CHE,---,---,---,---,---,---,DNS,---,Ironman 140.6,Zurich,Switzerland,Europe,M,2011,20110710,switzerland,45-49
"Zikeli, Anselm",CHE,---,---,---,00:59:54,05:19:29,---,DNF,---,Ironman 140.6,Zurich,Switzerland,Europe,M,2011,20110710,switzerland,45-49
"Zöschg, Meinrad",ITA,---,---,---,00:59:26,05:48:16,---,DNF,---,Ironman 140.6,Zurich,Switzerland,Europe,M,2011,20110710,switzerland,45-49
"Vuaillat, Franck",FRA,1,95,99,01:08:35,05:24:48,03:17:58,09:57:37,---,Ironman 140.6,Zurich,Switzerland,Europe,M,2011,20110710,switzerland,50-54
"Bremner, Alan",GBR,2,152,160,01:10:54,05:27:59,03:31:58,10:13:49,---,Ironman 140.6,Zurich,Switzerland,Europe,M,2011,20110710,switzerland,50-54
"Reghem, Thierry",FRA,3,176,186,01:11:37,05:34:44,03:31:34,10:21:30,---,Ironman 140.6,Zurich,Switzerland,Europe,M,2011,20110710,switzerland,50-54
"Wölfle, Manfred",DEU,4,234,247,01:06:15,05:34:49,03:43:40,10:29:52,---,Ironman 140.6,Zurich,Switzerland,Europe,M,2011,20110710,switzerland,50-54
"Bienz, Robert",CHE,5,240,253,01:14:59,05:33:43,03:36:35,10:30:27,---,Ironman 140.6,Zurich,Switzerland,Europe,M,2011,20110710,switzerland,50-54
"Maunder, Mark",AUS,6,343,363,01:07:10,05:47:17,03:48:25,10:50:26,---,Ironman 140.6,Zurich,Switzerland,Europe,M,2011,20110710,switzerland,50-54
"Schneider, Roger",CHE,7,367,391,01:09:22,05:53:30,03:46:05,10:55:01,---,Ironman 140.6,Zurich,Switzerland,Europe,M,2011,20110710,switzerland,50-54
"König, Roger",CHE,8,387,412,01:11:02,05:22:43,04:18:43,10:58:18,---,Ironman 140.6,Zurich,Switzerland,Europe,M,2011,20110710,switzerland,50-54
"Inzirillo, Maurice",CHE,9,413,439,01:25:18,05:52:51,03:35:51,11:03:02,---,Ironman 140.6,Zurich,Switzerland,Europe,M,2011,20110710,switzerland,50-54
"Schärer, René",---,10,418,445,01:13:41,05:27:24,04:19:11,11:04:14,---,Ironman 140.6,Zurich,Switzerland,Europe,M,2011,20110710,switzerland,50-54
"Wauters, Guido",BEL,11,427,455,01:03:20,05:58:37,03:56:53,11:05:47,---,Ironman 140.6,Zurich,Switzerland,Europe,M,2011,20110710,switzerland,50-54
"Morret, Michel",FRA,12,435,464,01:19:27,05:50:13,03:48:24,11:07:08,---,Ironman 140.6,Zurich,Switzerland,Europe,M,2011,20110710,switzerland,50-54
"Hemberger, Volker Johannes",DEU,13,436,465,01:19:02,05:46:01,03:57:09,11:07:10,---,Ironman 140.6,Zurich,Switzerland,Europe,M,2011,20110710,switzerland,50-54
"Puff, Frank",DEU,14,440,471,01:27:28,05:57:56,03:35:49,11:07:49,---,Ironman 140.6,Zurich,Switzerland,Europe,M,2011,20110710,switzerland,50-54
"Cruchley, Steve",GBR,15,462,500,01:00:35,05:47:45,04:15:11,11:11:22,---,Ironman 140.6,Zurich,Switzerland,Europe,M,2011,20110710,switzerland,50-54
"Ouei, Claude",FRA,16,470,508,01:09:08,05:39:30,04:17:34,11:12:16,---,Ironman 140.6,Zurich,Switzerland,Europe,M,2011,20110710,switzerland,50-54
"Bergqvist, Mikael",SWE,17,488,527,01:25:43,05:47:03,03:56:45,11:14:58,---,Ironman 140.6,Zurich,Switzerland,Europe,M,2011,20110710,switzerland,50-54
"Hofer, Erich",CHE,18,491,530,01:11:55,05:42:48,04:04:09,11:16:04,---,Ironman 140.6,Zurich,Switzerland,Europe,M,2011,20110710,switzerland,50-54
"Mcinnes, Thomas A",GBR,19,500,540,01:17:55,05:40:11,04:11:39,11:17:26,---,Ironman 140.6,Zurich,Switzerland,Europe,M,2011,20110710,switzerland,50-54
"Quidort, Marcel",CHE,20,505,545,01:24:15,05:43:20,04:05:14,11:18:37,---,Ironman 140.6,Zurich,Switzerland,Europe,M,2011,20110710,switzerland,50-54
"Forstmeyer, Volker",DEU,22,554,598,01:17:19,05:38:50,04:26:09,11:27:04,---,Ironman 140.6,Zurich,Switzerland,Europe,M,2011,20110710,switzerland,50-54
"Burns, George",GBR,24,561,608,01:12:19,06:18:30,03:52:27,11:28:29,---,Ironman 140.6,Zurich,Switzerland,Europe,M,2011,20110710,switzerland,50-54
"Blum, Hugo",CHE,25,573,624,01:11:24,05:55:58,04:19:08,11:31:52,---,Ironman 140.6,Zurich,Switzerland,Europe,M,2011,20110710,switzerland,50-54
"Zürcher, Wolfgang",CHE,26,585,637,01:09:51,05:38:32,04:40:17,11:33:52,---,Ironman 140.6,Zurich,Switzerland,Europe,M,2011,20110710,switzerland,50-54
"Serafini, Roberto",CHE,27,594,646,01:13:22,06:11:04,03:57:55,11:35:52,---,Ironman 140.6,Zurich,Switzerland,Europe,M,2011,20110710,switzerland,50-54
"Warner, Tony",GBR,28,621,675,01:15:58,06:26:05,03:50:47,11:40:06,---,Ironman 140.6,Zurich,Switzerland,Europe,M,2011,20110710,switzerland,50-54
"Wyser, Thomas",---,29,640,696,01:13:19,06:02:54,04:19:27,11:43:03,---,Ironman 140.6,Zurich,Switzerland,Europe,M,2011,20110710,switzerland,50-54
"Obrecht, Walter",CHE,30,641,697,01:16:43,05:59:45,04:17:12,11:43:06,---,Ironman 140.6,Zurich,Switzerland,Europe,M,2011,20110710,switzerland,50-54
"Hentzen, Rob",USA,31,654,712,01:36:07,06:00:10,04:03:02,11:44:57,---,Ironman 140.6,Zurich,Switzerland,Europe,M,2011,20110710,switzerland,50-54
"Hagenbucher, Fredi",CHE,32,659,719,01:27:25,05:53:00,04:15:43,11:45:45,---,Ironman 140.6,Zurich,Switzerland,Europe,M,2011,20110710,switzerland,50-54
"Hübner, Peter",DEU,33,710,776,01:28:48,05:59:10,04:13:09,11:53:24,---,Ironman 140.6,Zurich,Switzerland,Europe,M,2011,20110710,switzerland,50-54
"Michaux, Bernard",BEL,36,752,828,01:13:30,06:10:30,04:25:27,12:00:08,---,Ironman 140.6,Zurich,Switzerland,Europe,M,2011,20110710,switzerland,50-54
"Kögel, Harald",CHE,37,773,852,01:12:01,05:58:19,04:45:59,12:04:56,---,Ironman 140.6,Zurich,Switzerland,Europe,M,2011,20110710,switzerland,50-54
"Eric, Francois",FRA,39,813,898,01:12:45,06:21:29,04:27:07,12:13:19,---,Ironman 140.6,Zurich,Switzerland,Europe,M,2011,20110710,switzerland,50-54
"Fraces, Philippe",FRA,40,845,933,01:10:29,06:45:13,04:12:56,12:17:30,---,Ironman 140.6,Zurich,Switzerland,Europe,M,2011,20110710,switzerland,50-54
"Carr, Matthew",USA,41,848,937,01:18:31,06:37:02,04:17:31,12:18:00,---,Ironman 140.6,Zurich,Switzerland,Europe,M,2011,20110710,switzerland,50-54
"Gruber, Max",DEU,42,857,947,01:12:16,06:26:56,04:27:43,12:19:14,---,Ironman 140.6,Zurich,Switzerland,Europe,M,2011,20110710,switzerland,50-54
"Lemmens, Stephan",BEL,43,868,958,01:14:24,06:04:15,04:51:38,12:21:00,---,Ironman 140.6,Zurich,Switzerland,Europe,M,2011,20110710,switzerland,50-54
"Buck, Peter",CHE,44,877,967,01:07:26,06:28:57,04:38:41,12:22:57,---,Ironman 140.6,Zurich,Switzerland,Europe,M,2011,20110710,switzerland,50-54
"Opitz, Stefan",DEU,45,891,986,01:18:35,06:25:15,04:35:16,12:26:47,---,Ironman 140.6,Zurich,Switzerland,Europe,M,2011,20110710,switzerland,50-54
"Coli, Paolo",ITA,47,911,1012,01:12:37,06:14:41,04:55:00,12:31:44,---,Ironman 140.6,Zurich,Switzerland,Europe,M,2011,20110710,switzerland,50-54
"Berman, Louis",ISR,48,913,1014,01:15:56,06:20:03,04:49:22,12:32:14,---,Ironman 140.6,Zurich,Switzerland,Europe,M,2011,20110710,switzerland,50-54
"Bader, Peter",---,50,933,1036,01:26:22,06:21:58,04:34:25,12:35:46,---,Ironman 140.6,Zurich,Switzerland,Europe,M,2011,20110710,switzerland,50-54
"Berger, Helmut",AUT,51,942,1047,01:17:08,05:31:37,05:44:32,12:38:08,---,Ironman 140.6,Zurich,Switzerland,Europe,M,2011,20110710,switzerland,50-54
"Darras, Jean-Charles",FRA,52,944,1050,01:14:15,06:17:03,05:00:30,12:39:20,---,Ironman 140.6,Zurich,Switzerland,Europe,M,2011,20110710,switzerland,50-54
"Delucas Bodas, Javier",ESP,53,946,1052,01:29:57,06:29:09,04:31:49,12:39:32,---,Ironman 140.6,Zurich,Switzerland,Europe,M,2011,20110710,switzerland,50-54
"Buck, Franz",CHE,54,947,1053,01:21:17,06:22:40,04:49:06,12:39:36,---,Ironman 140.6,Zurich,Switzerland,Europe,M,2011,20110710,switzerland,50-54
"Goerg, Renzo",CHE,56,952,1059,01:23:34,06:09:47,04:59:40,12:41:00,---,Ironman 140.6,Zurich,Switzerland,Europe,M,2011,20110710,switzerland,50-54
"Pascal, Mourin",FRA,57,959,1066,01:24:35,06:29:20,04:41:02,12:41:33,---,Ironman 140.6,Zurich,Switzerland,Europe,M,2011,20110710,switzerland,50-54
"Seaby, Wayne",GBR,58,962,1070,01:11:38,06:16:35,05:02:59,12:42:05,---,Ironman 140.6,Zurich,Switzerland,Europe,M,2011,20110710,switzerland,50-54
"Bouvier Masson, Pascal",FRA,59,975,1086,01:25:36,06:35:24,04:32:10,12:44:17,---,Ironman 140.6,Zurich,Switzerland,Europe,M,2011,20110710,switzerland,50-54
"Heinold, Jürgen",DEU,60,976,1087,01:26:09,06:41:45,04:25:24,12:44:26,---,Ironman 140.6,Zurich,Switzerland,Europe,M,2011,20110710,switzerland,50-54
"Grau, Guenther Wilhelm",USA,61,978,1089,01:26:47,06:31:22,04:36:55,12:44:35,---,Ironman 140.6,Zurich,Switzerland,Europe,M,2011,20110710,switzerland,50-54
"Gies, Günter",DEU,62,980,1091,01:32:55,06:19:42,04:42:53,12:45:01,---,Ironman 140.6,Zurich,Switzerland,Europe,M,2011,20110710,switzerland,50-54
"Overvoorde, Peter",GBR,63,994,1105,01:24:38,06:45:09,04:31:04,12:46:39,---,Ironman 140.6,Zurich,Switzerland,Europe,M,2011,20110710,switzerland,50-54
"Holoffe, Thierry",BEL,65,1020,1137,01:34:48,06:29:54,04:37:26,12:52:37,---,Ironman 140.6,Zurich,Switzerland,Europe,M,2011,20110710,switzerland,50-54
"Theytaz, Philippe",CHE,66,1021,1138,01:21:46,06:27:33,04:48:25,12:52:44,---,Ironman 140.6,Zurich,Switzerland,Europe,M,2011,20110710,switzerland,50-54
"vogn, heini",DNK,67,1030,1148,01:24:01,06:29:40,04:49:42,12:54:38,---,Ironman 140.6,Zurich,Switzerland,Europe,M,2011,20110710,switzerland,50-54
"Maurhofer, Urs",CHE,68,1034,1152,01:38:25,06:39:53,04:27:34,12:55:34,---,Ironman 140.6,Zurich,Switzerland,Europe,M,2011,20110710,switzerland,50-54
"Hagelkruys, Erich",AUT,69,1035,1153,01:27:32,06:55:42,04:23:27,12:55:43,---,Ironman 140.6,Zurich,Switzerland,Europe,M,2011,20110710,switzerland,50-54
"Javet, Ernst",CHE,70,1038,1157,01:26:16,06:25:37,04:53:36,12:56:48,---,Ironman 140.6,Zurich,Switzerland,Europe,M,2011,20110710,switzerland,50-54
"Bouman, Rolf",NLD,71,1046,1168,01:24:41,06:06:41,05:20:12,12:59:53,---,Ironman 140.6,Zurich,Switzerland,Europe,M,2011,20110710,switzerland,50-54
"Bradshaw, Neil",GBR,72,1054,1176,01:36:14,06:42:45,04:33:16,13:02:36,---,Ironman 140.6,Zurich,Switzerland,Europe,M,2011,20110710,switzerland,50-54
"Aroshas, Shmuel",ISR,73,1123,1258,01:33:49,06:34:39,04:54:35,13:23:00,---,Ironman 140.6,Zurich,Switzerland,Europe,M,2011,20110710,switzerland,50-54
"Porter, Greg",USA,74,1127,1262,01:08:03,06:33:37,05:26:23,13:24:20,---,Ironman 140.6,Zurich,Switzerland,Europe,M,2011,20110710,switzerland,50-54
"Stern, Jaroslav",MEX,75,1148,1283,01:18:12,06:25:25,05:35:02,13:29:37,---,Ironman 140.6,Zurich,Switzerland,Europe,M,2011,20110710,switzerland,50-54
"Brambilla, Paolo",ITA,77,1166,1306,01:28:55,06:49:37,05:04:28,13:34:25,---,Ironman 140.6,Zurich,Switzerland,Europe,M,2011,20110710,switzerland,50-54
"Greenwood, Gary",GBR,78,1177,1320,01:18:05,06:23:33,05:48:12,13:37:35,---,Ironman 140.6,Zurich,Switzerland,Europe,M,2011,20110710,switzerland,50-54
"Greschniok, Martin",DEU,79,1178,1321,01:43:22,06:46:12,04:50:01,13:38:04,---,Ironman 140.6,Zurich,Switzerland,Europe,M,2011,20110710,switzerland,50-54
"Kuld, Matthias",DEU,81,1189,1337,01:26:12,06:44:41,05:19:30,13:41:11,---,Ironman 140.6,Zurich,Switzerland,Europe,M,2011,20110710,switzerland,50-54
"Ben Ishay, Shimon",ISR,82,1191,1339,01:32:43,07:05:00,04:56:08,13:41:35,---,Ironman 140.6,Zurich,Switzerland,Europe,M,2011,20110710,switzerland,50-54
"Albrechdr, Matthias",DEU,83,1196,1347,01:19:15,06:48:42,05:26:13,13:43:19,---,Ironman 140.6,Zurich,Switzerland,Europe,M,2011,20110710,switzerland,50-54
"Schultz, Brandin",CAN,84,1214,1370,01:07:37,06:46:04,05:43:13,13:49:27,---,Ironman 140.6,Zurich,Switzerland,Europe,M,2011,20110710,switzerland,50-54
"Sumner, Alan",GBR,85,1215,1371,01:14:42,06:56:24,05:26:49,13:49:34,---,Ironman 140.6,Zurich,Switzerland,Europe,M,2011,20110710,switzerland,50-54
"Lines, Peter",AUS,86,1218,1374,01:14:46,07:13:11,05:10:37,13:49:45,---,Ironman 140.6,Zurich,Switzerland,Europe,M,2011,20110710,switzerland,50-54
"Bartholet, Ulrich",CHE,87,1224,1383,01:57:16,07:07:16,11:55:31,13:52:47,---,Ironman 140.6,Zurich,Switzerland,Europe,M,2011,20110710,switzerland,50-54
"Mcmahon, Tony",IRL,88,1228,1389,01:40:20,07:26:46,04:26:51,13:53:57,---,Ironman 140.6,Zurich,Switzerland,Europe,M,2011,20110710,switzerland,50-54
"Edge, Shane",GBR,89,1230,1391,01:45:15,06:52:19,05:00:29,13:54:10,---,Ironman 140.6,Zurich,Switzerland,Europe,M,2011,20110710,switzerland,50-54
"Zaif, Zohar",ISR,90,1243,1406,01:36:19,06:56:47,05:14:50,14:00:36,---,Ironman 140.6,Zurich,Switzerland,Europe,M,2011,20110710,switzerland,50-54
"Giger, Marc-Andre",CHE,91,1253,1417,01:45:11,07:19:13,04:45:17,14:03:58,---,Ironman 140.6,Zurich,Switzerland,Europe,M,2011,20110710,switzerland,50-54
"Calzavara, Alessandro",---,92,1255,1419,01:30:04,06:36:35,05:44:41,14:04:46,---,Ironman 140.6,Zurich,Switzerland,Europe,M,2011,20110710,switzerland,50-54
"Otero, Francisco",ESP,93,1262,1427,01:19:55,07:31:21,05:03:10,14:07:37,---,Ironman 140.6,Zurich,Switzerland,Europe,M,2011,20110710,switzerland,50-54
"Goren, Gustavo",ARG,94,1266,1431,01:30:58,07:19:41,05:01:07,14:09:41,---,Ironman 140.6,Zurich,Switzerland,Europe,M,2011,20110710,switzerland,50-54
"Gabel, Vincent",CAN,95,1267,1432,01:20:51,06:27:52,06:09:27,14:10:13,---,Ironman 140.6,Zurich,Switzerland,Europe,M,2011,20110710,switzerland,50-54
"Riesen, Rolf",USA,96,1271,1437,01:11:54,07:25:00,05:21:38,14:12:55,---,Ironman 140.6,Zurich,Switzerland,Europe,M,2011,20110710,switzerland,50-54
"Hilpertshauser, Urs",CHE,97,1275,1442,01:51:27,06:03:29,06:08:46,14:14:27,---,Ironman 140.6,Zurich,Switzerland,Europe,M,2011,20110710,switzerland,50-54
"Carraro, Maurizio",ITA,98,1282,1452,01:28:21,07:20:52,05:26:21,14:21:44,---,Ironman 140.6,Zurich,Switzerland,Europe,M,2011,20110710,switzerland,50-54
"Burton, Alex",GBR,100,1294,1470,01:32:01,07:30:28,05:11:10,14:29:09,---,Ironman 140.6,Zurich,Switzerland,Europe,M,2011,20110710,switzerland,50-54
"Gaudl, Manfred",---,101,1306,1483,01:30:04,06:52:22,05:49:45,14:32:34,---,Ironman 140.6,Zurich,Switzerland,Europe,M,2011,20110710,switzerland,50-54
"Bruce, John",CAN,102,1308,1486,01:20:41,07:34:07,05:16:20,14:33:02,---,Ironman 140.6,Zurich,Switzerland,Europe,M,2011,20110710,switzerland,50-54
"Aungier, Rene",IRL,104,1347,1535,01:30:54,07:34:03,05:40:06,15:03:01,---,Ironman 140.6,Zurich,Switzerland,Europe,M,2011,20110710,switzerland,50-54
"Cianchi, Massimo",ITA,105,1350,1539,01:08:09,07:47:38,05:57:08,15:05:45,---,Ironman 140.6,Zurich,Switzerland,Europe,M,2011,20110710,switzerland,50-54
"Pierluca, Pasquali",ITA,106,1379,1571,01:25:52,07:37:17,06:12:18,15:30:48,---,Ironman 140.6,Zurich,Switzerland,Europe,M,2011,20110710,switzerland,50-54
"Harrison, Paul",NZL,107,1395,1597,01:40:10,08:19:05,05:36:06,15:50:57,---,Ironman 140.6,Zurich,Switzerland,Europe,M,2011,20110710,switzerland,50-54
"Afanasyev, Vladimir",RUS,---,---,---,---,---,---,DNS,---,Ironman 140.6,Zurich,Switzerland,Europe,M,2011,20110710,switzerland,50-54
"Dällenbach, Fritz",CHE,---,---,---,---,---,---,DNS,---,Ironman 140.6,Zurich,Switzerland,Europe,M,2011,20110710,switzerland,50-54
"Deguchi, Shinji",JPN,---,---,---,01:52:56,---,---,DNF,---,Ironman 140.6,Zurich,Switzerland,Europe,M,2011,20110710,switzerland,50-54
"Duval, Philippe",FRA,---,---,---,01:39:30,---,---,DNF,---,Ironman 140.6,Zurich,Switzerland,Europe,M,2011,20110710,switzerland,50-54
"Erni, Robi",---,---,---,---,01:23:53,05:50:37,---,DNF,---,Ironman 140.6,Zurich,Switzerland,Europe,M,2011,20110710,switzerland,50-54
"Gerner, Franz",ARE,---,---,---,---,---,---,DNS,---,Ironman 140.6,Zurich,Switzerland,Europe,M,2011,20110710,switzerland,50-54
"Haubrich, Ferry",CHE,---,---,---,---,---,---,DNS,---,Ironman 140.6,Zurich,Switzerland,Europe,M,2011,20110710,switzerland,50-54
"Hemeltjen, Siegfried",DEU,---,---,---,---,---,---,DNS,---,Ironman 140.6,Zurich,Switzerland,Europe,M,2011,20110710,switzerland,50-54
"Hilfiker, Beppo",CHE,---,---,---,---,---,---,DNS,---,Ironman 140.6,Zurich,Switzerland,Europe,M,2011,20110710,switzerland,50-54
"Lugg, Martin",GBR,---,---,---,---,---,---,DNS,---,Ironman 140.6,Zurich,Switzerland,Europe,M,2011,20110710,switzerland,50-54
"Lundström, Per",SWE,---,---,---,---,---,---,DNS,---,Ironman 140.6,Zurich,Switzerland,Europe,M,2011,20110710,switzerland,50-54
"Mansfield, Tom",GBR,---,---,---,01:22:33,07:30:16,---,DNF,---,Ironman 140.6,Zurich,Switzerland,Europe,M,2011,20110710,switzerland,50-54
"Marxer, Wilfried",LIE,---,---,---,01:50:07,---,---,DNF,---,Ironman 140.6,Zurich,Switzerland,Europe,M,2011,20110710,switzerland,50-54
"Michaud, Bertrand",LUX,---,---,---,01:17:15,06:58:36,---,DNF,---,Ironman 140.6,Zurich,Switzerland,Europe,M,2011,20110710,switzerland,50-54
"mueller, kurt",CHE,---,---,---,---,---,---,DNS,---,Ironman 140.6,Zurich,Switzerland,Europe,M,2011,20110710,switzerland,50-54
"Müller, Hans Walter",CHE,---,---,---,---,---,---,DNS,---,Ironman 140.6,Zurich,Switzerland,Europe,M,2011,20110710,switzerland,50-54
"Nussbaumer, Paul",CHE,---,---,---,01:13:45,05:36:49,---,DNF,---,Ironman 140.6,Zurich,Switzerland,Europe,M,2011,20110710,switzerland,50-54
"Partrick, Douglas",USA,---,---,---,01:09:21,06:22:32,---,DNF,---,Ironman 140.6,Zurich,Switzerland,Europe,M,2011,20110710,switzerland,50-54
"Riddle, Alec",ZAF,---,---,---,---,---,---,DNS,---,Ironman 140.6,Zurich,Switzerland,Europe,M,2011,20110710,switzerland,50-54
"Shibata, Hiroaki",JPN,---,---,---,---,---,---,DNS,---,Ironman 140.6,Zurich,Switzerland,Europe,M,2011,20110710,switzerland,50-54
"Smith, Kenneth",CHE,---,---,---,---,---,---,DNS,---,Ironman 140.6,Zurich,Switzerland,Europe,M,2011,20110710,switzerland,50-54
"Trimborn, Jürgen",DEU,---,---,---,01:28:14,05:54:41,---,DNF,---,Ironman 140.6,Zurich,Switzerland,Europe,M,2011,20110710,switzerland,50-54
"Vontobel, André",CHE,---,---,---,---,---,---,DNS,---,Ironman 140.6,Zurich,Switzerland,Europe,M,2011,20110710,switzerland,50-54
"Ward, Pat",USA,---,---,---,---,---,---,DNS,---,Ironman 140.6,Zurich,Switzerland,Europe,M,2011,20110710,switzerland,50-54
"White, Frank",USA,---,---,---,01:49:48,08:01:04,---,DNF,---,Ironman 140.6,Zurich,Switzerland,Europe,M,2011,20110710,switzerland,50-54
"Winter, Josef",DEU,---,---,---,---,---,---,DNS,---,Ironman 140.6,Zurich,Switzerland,Europe,M,2011,20110710,switzerland,50-54
"Zürcher, Christian",CHE,---,---,---,---,---,---,DNS,---,Ironman 140.6,Zurich,Switzerland,Europe,M,2011,20110710,switzerland,50-54
"Scott-Miller, David",GBR,1,302,317,01:06:36,05:45:51,03:41:57,10:42:15,---,Ironman 140.6,Zurich,Switzerland,Europe,M,2011,20110710,switzerland,55-59
"Nobili, Aldo",ITA,2,375,400,01:07:42,05:30:11,04:14:01,10:56:02,---,Ironman 140.6,Zurich,Switzerland,Europe,M,2011,20110710,switzerland,55-59
"Argue, William",CAN,3,386,411,01:24:53,05:53:13,03:31:50,10:58:01,---,Ironman 140.6,Zurich,Switzerland,Europe,M,2011,20110710,switzerland,55-59
"Olsson, Jan",SWE,4,392,417,01:29:29,05:51:16,03:29:43,10:59:07,---,Ironman 140.6,Zurich,Switzerland,Europe,M,2011,20110710,switzerland,55-59
"Leper, Robert",BEL,5,545,589,01:24:32,05:58:04,03:52:50,11:24:53,---,Ironman 140.6,Zurich,Switzerland,Europe,M,2011,20110710,switzerland,55-59
"Scheidegger, Peter",CHE,6,571,621,01:12:07,05:58:09,04:13:41,11:31:14,---,Ironman 140.6,Zurich,Switzerland,Europe,M,2011,20110710,switzerland,55-59
"Whitmore, Haydn",GBR,7,609,663,01:24:28,06:19:11,03:49:00,11:38:29,---,Ironman 140.6,Zurich,Switzerland,Europe,M,2011,20110710,switzerland,55-59
"Pohl, Werner",DEU,8,705,771,01:30:23,06:25:24,03:50:10,11:52:23,---,Ironman 140.6,Zurich,Switzerland,Europe,M,2011,20110710,switzerland,55-59
"Arcadio, Domenico",ITA,9,715,781,01:25:40,05:58:46,04:23:38,11:54:11,---,Ironman 140.6,Zurich,Switzerland,Europe,M,2011,20110710,switzerland,55-59
"Hofstetter, René",---,10,726,794,01:29:51,06:06:45,04:12:09,11:56:43,---,Ironman 140.6,Zurich,Switzerland,Europe,M,2011,20110710,switzerland,55-59
"Michel, Bertrand",FRA,11,738,808,01:23:58,06:04:52,04:20:04,11:58:18,---,Ironman 140.6,Zurich,Switzerland,Europe,M,2011,20110710,switzerland,55-59
"Schober, Herbert",CHE,12,780,860,01:25:44,06:02:25,04:28:31,12:06:24,---,Ironman 140.6,Zurich,Switzerland,Europe,M,2011,20110710,switzerland,55-59
"Scherrer, Beat",CHE,13,790,872,01:11:40,06:01:17,04:48:49,12:08:59,---,Ironman 140.6,Zurich,Switzerland,Europe,M,2011,20110710,switzerland,55-59
"Rodriguez, Suso",ESP,15,833,921,01:18:36,06:08:17,04:37:43,12:15:37,---,Ironman 140.6,Zurich,Switzerland,Europe,M,2011,20110710,switzerland,55-59
"Boiteux, Jean-Luc",FRA,16,923,1025,01:42:17,06:27:28,04:13:16,12:33:12,---,Ironman 140.6,Zurich,Switzerland,Europe,M,2011,20110710,switzerland,55-59
"Bailey, Richard",CHE,17,931,1034,01:34:37,06:20:07,04:26:29,12:35:10,---,Ironman 140.6,Zurich,Switzerland,Europe,M,2011,20110710,switzerland,55-59
"Litscher, Guido",CHE,18,1004,1118,01:34:11,06:36:38,04:26:58,12:49:15,---,Ironman 140.6,Zurich,Switzerland,Europe,M,2011,20110710,switzerland,55-59
"Wyser, Norbert",CHE,19,1079,1205,01:43:36,06:33:13,04:41:50,13:08:05,---,Ironman 140.6,Zurich,Switzerland,Europe,M,2011,20110710,switzerland,55-59
"Santos De Oliveira, Luis",FRA,20,1092,1221,01:19:39,06:29:39,05:14:12,13:12:16,---,Ironman 140.6,Zurich,Switzerland,Europe,M,2011,20110710,switzerland,55-59
"Pla Lopez, Juan Carlos",SWE,21,1094,1226,01:38:06,06:36:52,04:51:37,13:13:06,---,Ironman 140.6,Zurich,Switzerland,Europe,M,2011,20110710,switzerland,55-59
"Stadelmann, Beat",CHE,22,1111,1244,01:20:40,06:12:02,05:40:43,13:20:03,---,Ironman 140.6,Zurich,Switzerland,Europe,M,2011,20110710,switzerland,55-59
"Fischer, Alfons",CHE,23,1117,1250,01:52:07,06:24:55,04:50:50,13:21:34,---,Ironman 140.6,Zurich,Switzerland,Europe,M,2011,20110710,switzerland,55-59
"Scholz, Ditmar",DEU,24,1155,1294,01:53:54,07:14:38,04:13:41,13:31:34,---,Ironman 140.6,Zurich,Switzerland,Europe,M,2011,20110710,switzerland,55-59
"Holmström, Nils",SWE,26,1195,1346,01:36:03,06:37:40,05:22:14,13:43:16,---,Ironman 140.6,Zurich,Switzerland,Europe,M,2011,20110710,switzerland,55-59
"Ellis, Rob",CAN,28,1236,1399,01:24:53,06:59:24,05:15:49,13:57:06,---,Ironman 140.6,Zurich,Switzerland,Europe,M,2011,20110710,switzerland,55-59
"Noyez, Jan",BEL,29,1247,1410,01:41:53,06:50:21,05:15:07,14:01:52,---,Ironman 140.6,Zurich,Switzerland,Europe,M,2011,20110710,switzerland,55-59
"Have, Niels",PHL,30,1292,1465,01:26:34,06:57:10,05:55:01,14:28:11,---,Ironman 140.6,Zurich,Switzerland,Europe,M,2011,20110710,switzerland,55-59
"Jorelle, Jacky",FRA,31,1319,1499,01:34:25,07:05:25,05:42:11,14:41:08,---,Ironman 140.6,Zurich,Switzerland,Europe,M,2011,20110710,switzerland,55-59
"Prein, Uwe",DEU,32,1325,1507,01:40:59,07:14:55,05:39:06,14:47:16,---,Ironman 140.6,Zurich,Switzerland,Europe,M,2011,20110710,switzerland,55-59
"Watkins, Peter",GBR,33,1326,1508,01:18:42,07:23:44,05:53:03,14:48:00,---,Ironman 140.6,Zurich,Switzerland,Europe,M,2011,20110710,switzerland,55-59
"Kull, Walter",CHE,34,1332,1515,01:22:21,07:32:34,05:48:05,14:51:04,---,Ironman 140.6,Zurich,Switzerland,Europe,M,2011,20110710,switzerland,55-59
"Schneider, Richie",DEU,35,1340,1525,01:54:37,07:39:40,05:04:14,14:57:28,---,Ironman 140.6,Zurich,Switzerland,Europe,M,2011,20110710,switzerland,55-59
"Harris, Malcolm",GBR,36,1344,1529,01:40:32,07:16:18,05:45:27,15:01:13,---,Ironman 140.6,Zurich,Switzerland,Europe,M,2011,20110710,switzerland,55-59
"Williams, George",GBR,37,1359,1549,02:12:23,07:33:25,05:22:47,15:17:47,---,Ironman 140.6,Zurich,Switzerland,Europe,M,2011,20110710,switzerland,55-59
"Vaughan, Peter",AUS,38,1373,1565,01:26:01,07:34:41,06:06:56,15:27:44,---,Ironman 140.6,Zurich,Switzerland,Europe,M,2011,20110710,switzerland,55-59
"Liotta, Giuseppe",ITA,41,1392,1594,01:50:41,08:10:01,05:36:07,15:50:00,---,Ironman 140.6,Zurich,Switzerland,Europe,M,2011,20110710,switzerland,55-59
"Mingramm, Mauricio",MEX,42,1398,1601,01:25:31,07:55:05,06:27:35,15:57:29,---,Ironman 140.6,Zurich,Switzerland,Europe,M,2011,20110710,switzerland,55-59
"Benbassat, Alberto",CHE,---,---,---,---,---,---,DNS,---,Ironman 140.6,Zurich,Switzerland,Europe,M,2011,20110710,switzerland,55-59
"Bergmann, Rainer",DEU,---,---,---,---,---,---,DNS,---,Ironman 140.6,Zurich,Switzerland,Europe,M,2011,20110710,switzerland,55-59
"Bodenmann, Andreas",CHE,---,---,---,---,---,---,DNS,---,Ironman 140.6,Zurich,Switzerland,Europe,M,2011,20110710,switzerland,55-59
"Carrie, Charles",FRA,---,---,---,01:45:33,---,---,DNF,---,Ironman 140.6,Zurich,Switzerland,Europe,M,2011,20110710,switzerland,55-59
"Cox, Douglas",USA,---,---,---,01:44:37,---,---,DNF,---,Ironman 140.6,Zurich,Switzerland,Europe,M,2011,20110710,switzerland,55-59
"Duffek, Wolfgang",AUT,---,---,---,01:55:27,07:37:57,---,DNF,---,Ironman 140.6,Zurich,Switzerland,Europe,M,2011,20110710,switzerland,55-59
"Grossmann, Balthasar",CHE,---,---,---,02:10:36,---,---,DNF,---,Ironman 140.6,Zurich,Switzerland,Europe,M,2011,20110710,switzerland,55-59
"Hauenstein, Johannes",DEU,---,---,---,---,---,---,DNS,---,Ironman 140.6,Zurich,Switzerland,Europe,M,2011,20110710,switzerland,55-59
"Haug, Kurt",CHE,---,---,---,---,---,---,DNS,---,Ironman 140.6,Zurich,Switzerland,Europe,M,2011,20110710,switzerland,55-59
"Haugen, Matty",USA,---,---,---,01:10:45,05:57:46,---,DNF,---,Ironman 140.6,Zurich,Switzerland,Europe,M,2011,20110710,switzerland,55-59
"Moreira, António",PRT,---,---,---,---,---,---,DNS,---,Ironman 140.6,Zurich,Switzerland,Europe,M,2011,20110710,switzerland,55-59
"Profaska, Detlef",DEU,---,---,---,01:02:53,05:37:32,---,DNF,---,Ironman 140.6,Zurich,Switzerland,Europe,M,2011,20110710,switzerland,55-59
"Suter, Martin",CHE,---,---,---,01:27:37,06:44:52,---,DNF,---,Ironman 140.6,Zurich,Switzerland,Europe,M,2011,20110710,switzerland,55-59
"Wanner, Roland",CHE,---,---,---,01:18:53,07:26:51,---,DNF,---,Ironman 140.6,Zurich,Switzerland,Europe,M,2011,20110710,switzerland,55-59
"Watts, Glenn",GBR,---,---,---,---,---,---,DNS,---,Ironman 140.6,Zurich,Switzerland,Europe,M,2011,20110710,switzerland,55-59
"Wootton, Andrew",GBR,---,---,---,---,---,---,DNS,---,Ironman 140.6,Zurich,Switzerland,Europe,M,2011,20110710,switzerland,55-59
"Schoch, Willy",CHE,1,453,490,01:23:13,05:50:21,03:49:35,11:10:13,---,Ironman 140.6,Zurich,Switzerland,Europe,M,2011,20110710,switzerland,60-64
"Tout, Richard",CAN,2,493,532,01:24:03,05:52:42,03:53:22,11:16:11,---,Ironman 140.6,Zurich,Switzerland,Europe,M,2011,20110710,switzerland,60-64
"Lewin, Alexander",DEU,3,607,661,01:27:55,06:09:40,03:52:35,11:38:20,---,Ironman 140.6,Zurich,Switzerland,Europe,M,2011,20110710,switzerland,60-64
"Braunschweiler, Paul",USA,4,804,887,01:34:45,06:18:24,04:10:45,12:11:34,---,Ironman 140.6,Zurich,Switzerland,Europe,M,2011,20110710,switzerland,60-64
"Donà, Guido",CHE,5,840,928,01:17:27,06:07:13,04:48:12,12:17:06,---,Ironman 140.6,Zurich,Switzerland,Europe,M,2011,20110710,switzerland,60-64
"Dallain, Robert",USA,6,961,1069,01:26:55,06:53:06,04:16:31,12:41:50,---,Ironman 140.6,Zurich,Switzerland,Europe,M,2011,20110710,switzerland,60-64
"Cowan, Charles",GBR,7,996,1107,01:16:07,06:40:00,04:39:38,12:46:50,---,Ironman 140.6,Zurich,Switzerland,Europe,M,2011,20110710,switzerland,60-64
"Baettig, Felix",CHE,8,1017,1133,01:34:28,06:43:21,04:24:30,12:51:54,---,Ironman 140.6,Zurich,Switzerland,Europe,M,2011,20110710,switzerland,60-64
"Heam, Jean-Michel",FRA,10,1153,1292,01:45:18,06:45:25,04:53:01,13:31:03,---,Ironman 140.6,Zurich,Switzerland,Europe,M,2011,20110710,switzerland,60-64
"Schmidt, Ruediger",DEU,11,1169,1310,01:25:20,06:42:54,05:16:15,13:35:16,---,Ironman 140.6,Zurich,Switzerland,Europe,M,2011,20110710,switzerland,60-64
"Watanabe, Masayoshi",JPN,12,1175,1317,01:30:49,07:12:51,04:44:01,13:36:48,---,Ironman 140.6,Zurich,Switzerland,Europe,M,2011,20110710,switzerland,60-64
"Sagatelian, Edward",ISR,13,1251,1415,02:08:05,07:18:51,11:55:27,14:03:32,---,Ironman 140.6,Zurich,Switzerland,Europe,M,2011,20110710,switzerland,60-64
"Luethi, Hans",CHE,14,1257,1422,01:40:52,07:09:50,05:02:46,14:05:53,---,Ironman 140.6,Zurich,Switzerland,Europe,M,2011,20110710,switzerland,60-64
"Huerlimann, Markus",CHE,15,1313,1491,01:48:33,07:33:26,04:58:38,14:36:23,---,Ironman 140.6,Zurich,Switzerland,Europe,M,2011,20110710,switzerland,60-64
"Bennett, Derek",GBR,16,1315,1493,01:37:56,08:05:21,04:44:22,14:38:33,---,Ironman 140.6,Zurich,Switzerland,Europe,M,2011,20110710,switzerland,60-64
"Hochstrasser, Max",CHE,17,1355,1545,01:23:56,07:02:23,06:37:00,15:15:55,---,Ironman 140.6,Zurich,Switzerland,Europe,M,2011,20110710,switzerland,60-64
"Peterhans, Urs",CHE,18,1356,1546,01:35:53,07:07:46,06:25:30,15:16:46,---,Ironman 140.6,Zurich,Switzerland,Europe,M,2011,20110710,switzerland,60-64
"Bonnedahl, Lars",SWE,19,1393,1595,02:00:00,07:46:43,13:50:07,15:50:07,---,Ironman 140.6,Zurich,Switzerland,Europe,M,2011,20110710,switzerland,60-64
"Gerber, Willy",CHE,---,---,---,01:43:38,06:33:45,---,DNF,---,Ironman 140.6,Zurich,Switzerland,Europe,M,2011,20110710,switzerland,60-64
"Greenough, Keith",GBR,---,---,---,---,---,---,DNS,---,Ironman 140.6,Zurich,Switzerland,Europe,M,2011,20110710,switzerland,60-64
"Weber, Thomas",CHE,---,---,---,01:07:28,05:38:29,---,DNF,---,Ironman 140.6,Zurich,Switzerland,Europe,M,2011,20110710,switzerland,60-64
"Widmer, René",---,---,---,---,---,---,---,DNS,---,Ironman 140.6,Zurich,Switzerland,Europe,M,2011,20110710,switzerland,60-64
"Zeilstra, Mink",NLD,---,---,---,01:04:58,05:48:43,---,DNF,---,Ironman 140.6,Zurich,Switzerland,Europe,M,2011,20110710,switzerland,60-64
"Fässler, Hansjörg",CHE,1,763,840,01:22:14,06:00:37,04:31:24,12:03:02,---,Ironman 140.6,Zurich,Switzerland,Europe,M,2011,20110710,switzerland,65-69
"Mcalister, Ed",USA,2,1348,1537,01:57:17,07:42:23,13:07:09,15:04:26,---,Ironman 140.6,Zurich,Switzerland,Europe,M,2011,20110710,switzerland,65-69
"Magi, Luciano",ITA,3,1390,1589,01:57:34,07:57:14,13:43:01,15:40:35,---,Ironman 140.6,Zurich,Switzerland,Europe,M,2011,20110710,switzerland,65-69
"Bourgnon, Pierre",---,---,---,---,---,---,---,DNS,---,Ironman 140.6,Zurich,Switzerland,Europe,M,2011,20110710,switzerland,65-69
"Brunner, Ruedi",CHE,---,---,---,---,---,---,DNS,---,Ironman 140.6,Zurich,Switzerland,Europe,M,2011,20110710,switzerland,65-69
"D'Amato, Armand",USA,---,---,---,01:47:26,---,---,DNF,---,Ironman 140.6,Zurich,Switzerland,Europe,M,2011,20110710,switzerland,65-69
"Diday, Robert",USA,---,---,---,01:34:05,06:33:14,---,DNF,---,Ironman 140.6,Zurich,Switzerland,Europe,M,2011,20110710,switzerland,65-69
"East, Brian",GBR,---,---,---,---,---,---,DNS,---,Ironman 140.6,Zurich,Switzerland,Europe,M,2011,20110710,switzerland,65-69
"Müller, Peter Hugo",DEU,---,---,---,---,---,---,DNS,---,Ironman 140.6,Zurich,Switzerland,Europe,M,2011,20110710,switzerland,65-69
"Pravda, George",USA,---,---,---,01:56:47,---,---,DNF,---,Ironman 140.6,Zurich,Switzerland,Europe,M,2011,20110710,switzerland,65-69
"Kobayashi, Tatsuo",JPN,1,1256,1420,01:26:06,07:10:11,05:14:57,14:05:30,---,Ironman 140.6,Zurich,Switzerland,Europe,M,2011,20110710,switzerland,70-74
"Frei, Doris",CHE,2,1372,1563,01:59:30,07:35:00,13:27:04,15:26:34,---,Ironman 140.6,Zurich,Switzerland,Europe,M,2011,20110710,switzerland,70-74
"Amrein, Sigi",CHE,3,1387,1582,01:37:52,07:37:35,05:59:36,15:35:36,---,Ironman 140.6,Zurich,Switzerland,Europe,M,2011,20110710,switzerland,70-74
"Thuerig, Karin",CHE,1,1,10,01:02:41,04:51:19,03:06:41,09:03:26,---,Ironman 140.6,Zurich,Switzerland,Europe,F,2011,20110710,switzerland,Pro
"Marsh, Amy",---,2,2,14,00:55:46,05:02:12,03:11:19,09:11:36,---,Ironman 140.6,Zurich,Switzerland,Europe,F,2011,20110710,switzerland,Pro
"Csomor, Erika",HUN,3,3,44,01:00:23,05:24:31,03:09:59,09:36:59,---,Ironman 140.6,Zurich,Switzerland,Europe,F,2011,20110710,switzerland,Pro
"Rohrbach, Regula",CHE,4,4,56,01:00:27,05:14:29,03:23:45,09:42:18,---,Ironman 140.6,Zurich,Switzerland,Europe,F,2011,20110710,switzerland,Pro
"Candrova, Jana",CZE,5,6,139,01:05:02,05:26:34,03:34:42,10:09:15,---,Ironman 140.6,Zurich,Switzerland,Europe,F,2011,20110710,switzerland,Pro
"Mannweiler, Kathrin",DEU,6,34,479,01:05:22,05:38:52,04:21:39,11:08:46,---,Ironman 140.6,Zurich,Switzerland,Europe,F,2011,20110710,switzerland,Pro
"Shigaki, Megumi",JPN,7,63,739,01:01:47,05:51:20,04:51:46,11:49:02,---,Ironman 140.6,Zurich,Switzerland,Europe,F,2011,20110710,switzerland,Pro
"Alldritt, Miranda",CAN,8,117,1135,01:10:32,07:30:49,04:07:45,12:52:27,---,Ironman 140.6,Zurich,Switzerland,Europe,F,2011,20110710,switzerland,Pro
"Benz, Simone",CHE,---,---,---,---,---,---,DNS,---,Ironman 140.6,Zurich,Switzerland,Europe,F,2011,20110710,switzerland,Pro
"Beranek, Anja",---,---,---,---,00:55:33,05:34:28,---,DNF,---,Ironman 140.6,Zurich,Switzerland,Europe,F,2011,20110710,switzerland,Pro
"Woysch, Nicole",DEU,---,---,---,01:01:41,---,---,DNF,---,Ironman 140.6,Zurich,Switzerland,Europe,F,2011,20110710,switzerland,Pro
"Rahel, Bättig",CHE,11,28,452,01:05:32,05:59:03,03:56:47,11:05:16,---,Ironman 140.6,Zurich,Switzerland,Europe,F,2011,20110710,switzerland,18-24
"Gosteva, Maria",RUS,12,33,478,01:18:15,06:12:13,03:31:40,11:08:04,---,Ironman 140.6,Zurich,Switzerland,Europe,F,2011,20110710,switzerland,18-24
"Kuhn, Rita",BEL,16,91,972,01:04:59,06:49:01,04:24:20,12:23:35,---,Ironman 140.6,Zurich,Switzerland,Europe,F,2011,20110710,switzerland,18-24
"Wirt, Kara",GBR,25,180,1497,01:34:46,07:52:59,05:04:30,14:39:59,---,Ironman 140.6,Zurich,Switzerland,Europe,F,2011,20110710,switzerland,18-24
"Halasz, Annamaria",---,21,8,155,01:17:25,05:20:49,03:31:19,10:12:38,---,Ironman 140.6,Zurich,Switzerland,Europe,F,2011,20110710,switzerland,25-29
"Friedli, Isabelle",FRA,22,9,164,01:06:08,05:28:13,03:36:08,10:14:43,---,Ironman 140.6,Zurich,Switzerland,Europe,F,2011,20110710,switzerland,25-29
"Stübs, Rebekka",DEU,37,21,368,01:08:43,05:44:46,03:54:11,10:51:30,---,Ironman 140.6,Zurich,Switzerland,Europe,F,2011,20110710,switzerland,25-29
"Volz, Alexandra",DEU,39,23,387,01:13:39,05:45:56,03:51:43,10:54:43,---,Ironman 140.6,Zurich,Switzerland,Europe,F,2011,20110710,switzerland,25-29
"Uji, Kimiko",JPN,49,29,459,01:05:32,06:29:30,03:26:47,11:06:16,---,Ironman 140.6,Zurich,Switzerland,Europe,F,2011,20110710,switzerland,25-29
"Whitmore, Lauren",GBR,51,30,467,00:59:56,05:53:37,04:10:03,11:07:23,---,Ironman 140.6,Zurich,Switzerland,Europe,F,2011,20110710,switzerland,25-29
"French, Lauren",AUS,57,41,560,01:05:50,06:04:39,04:03:15,11:19:59,---,Ironman 140.6,Zurich,Switzerland,Europe,F,2011,20110710,switzerland,25-29
"Jack, Sheena",GBR,59,44,574,01:23:32,06:04:21,03:47:41,11:23:15,---,Ironman 140.6,Zurich,Switzerland,Europe,F,2011,20110710,switzerland,25-29
"Thalmann, Lucia",---,66,53,652,01:17:04,05:40:28,04:35:13,11:36:57,---,Ironman 140.6,Zurich,Switzerland,Europe,F,2011,20110710,switzerland,25-29
"Manente, Elisa",ITA,82,72,813,01:11:27,06:09:30,04:31:28,11:58:56,---,Ironman 140.6,Zurich,Switzerland,Europe,F,2011,20110710,switzerland,25-29
"Duranova, Zuzana",CHE,83,76,826,01:07:14,06:13:02,04:35:50,11:59:57,---,Ironman 140.6,Zurich,Switzerland,Europe,F,2011,20110710,switzerland,25-29
"Niven, Stephanie",GBR,86,82,871,01:02:25,06:42:25,04:18:37,12:08:45,---,Ironman 140.6,Zurich,Switzerland,Europe,F,2011,20110710,switzerland,25-29
"Derner, Kate",USA,96,93,974,01:27:39,06:41:02,04:10:57,12:24:23,---,Ironman 140.6,Zurich,Switzerland,Europe,F,2011,20110710,switzerland,25-29
"Mounir, Véronique",CHE,100,101,1009,01:26:03,06:45:05,04:13:54,12:31:06,---,Ironman 140.6,Zurich,Switzerland,Europe,F,2011,20110710,switzerland,25-29
"Dalton, Paulette",CAN,106,111,1085,01:28:10,07:01:01,04:07:29,12:44:14,---,Ironman 140.6,Zurich,Switzerland,Europe,F,2011,20110710,switzerland,25-29
"Stadler, Veronika",AUT,110,116,1123,01:30:27,06:36:20,04:34:12,12:49:56,---,Ironman 140.6,Zurich,Switzerland,Europe,F,2011,20110710,switzerland,25-29
"Jeays, Ruth",GBR,124,138,1288,01:18:26,06:55:14,05:08:56,13:30:28,---,Ironman 140.6,Zurich,Switzerland,Europe,F,2011,20110710,switzerland,25-29
"Falcão, Natalia",BRA,129,151,1343,01:13:29,07:23:20,04:55:06,13:42:57,---,Ironman 140.6,Zurich,Switzerland,Europe,F,2011,20110710,switzerland,25-29
"Power, Sophie",GBR,133,162,1394,01:34:32,07:29:28,04:35:15,13:55:29,---,Ironman 140.6,Zurich,Switzerland,Europe,F,2011,20110710,switzerland,25-29
"Davidsen, Brynhild",DNK,134,166,1434,01:45:23,06:57:55,05:20:25,14:10:18,---,Ironman 140.6,Zurich,Switzerland,Europe,F,2011,20110710,switzerland,25-29
"Lemmettylä, Arja",FIN,136,167,1439,01:20:56,07:20:04,05:23:33,14:13:29,---,Ironman 140.6,Zurich,Switzerland,Europe,F,2011,20110710,switzerland,25-29
"Rodrigo Gomez, Beatriz",ESP,144,196,1583,01:34:39,08:21:32,05:12:22,15:35:51,---,Ironman 140.6,Zurich,Switzerland,Europe,F,2011,20110710,switzerland,25-29
"Roberts, Rebecca",GBR,145,199,1587,01:42:42,08:09:39,05:37:33,15:39:40,---,Ironman 140.6,Zurich,Switzerland,Europe,F,2011,20110710,switzerland,25-29
"Cabianca, Alice",ITA,---,---,---,---,---,---,DNS,---,Ironman 140.6,Zurich,Switzerland,Europe,F,2011,20110710,switzerland,25-29
"Mathers, Kellie",AUS,---,---,---,---,---,---,DNS,---,Ironman 140.6,Zurich,Switzerland,Europe,F,2011,20110710,switzerland,25-29
"Wolfsdorf, Amalaswintha",GBR,---,---,---,---,---,---,DNS,---,Ironman 140.6,Zurich,Switzerland,Europe,F,2011,20110710,switzerland,25-29
"Germann, Désirée",CHE,34,11,192,01:09:49,05:41:25,03:26:42,10:22:40,---,Ironman 140.6,Zurich,Switzerland,Europe,F,2011,20110710,switzerland,30-34
"Hengartner, Corina",CHE,35,12,193,01:06:25,05:29:12,03:43:25,10:22:40,---,Ironman 140.6,Zurich,Switzerland,Europe,F,2011,20110710,switzerland,30-34
"Mã¼ller, Carmen",CHE,58,15,309,01:11:59,05:32:53,03:53:19,10:40:51,---,Ironman 140.6,Zurich,Switzerland,Europe,F,2011,20110710,switzerland,30-34
"Mohn, Sabrina",CHE,62,16,330,01:11:34,05:36:13,03:53:15,10:44:20,---,Ironman 140.6,Zurich,Switzerland,Europe,F,2011,20110710,switzerland,30-34
"Guglielmetti, Barbara",CHE,64,17,345,00:55:39,05:57:06,03:50:48,10:47:01,---,Ironman 140.6,Zurich,Switzerland,Europe,F,2011,20110710,switzerland,30-34
"Stephens, Jacqui",AUS,66,18,349,01:06:04,05:46:00,03:51:04,10:47:30,---,Ironman 140.6,Zurich,Switzerland,Europe,F,2011,20110710,switzerland,30-34
"Wirth, Simone",CHE,68,19,357,01:09:08,05:53:11,03:44:04,10:49:15,---,Ironman 140.6,Zurich,Switzerland,Europe,F,2011,20110710,switzerland,30-34
"Schwarz, Barbara",CHE,77,24,389,01:33:39,05:43:40,03:33:42,10:54:52,---,Ironman 140.6,Zurich,Switzerland,Europe,F,2011,20110710,switzerland,30-34
"Müller, Christina",CHE,79,25,397,01:08:49,05:53:34,03:48:44,10:55:33,---,Ironman 140.6,Zurich,Switzerland,Europe,F,2011,20110710,switzerland,30-34
"Schnellmann, Katrin",CHE,87,26,430,01:17:43,05:48:25,03:51:01,11:01:01,---,Ironman 140.6,Zurich,Switzerland,Europe,F,2011,20110710,switzerland,30-34
"Estefania, Koldo",ESP,88,27,444,01:18:35,05:49:42,03:48:04,11:04:07,---,Ironman 140.6,Zurich,Switzerland,Europe,F,2011,20110710,switzerland,30-34
"Schneider, Natalie",CHE,89,37,485,01:02:18,05:43:16,04:17:02,11:09:12,---,Ironman 140.6,Zurich,Switzerland,Europe,F,2011,20110710,switzerland,30-34
"Neuenschwander, Eva",CHE,99,39,523,01:25:14,06:03:46,03:40:48,11:14:10,---,Ironman 140.6,Zurich,Switzerland,Europe,F,2011,20110710,switzerland,30-34
"Steiner, Jrène",---,100,40,538,01:05:02,05:34:56,04:32:25,11:17:08,---,Ironman 140.6,Zurich,Switzerland,Europe,F,2011,20110710,switzerland,30-34
"Engel, Madeline",USA,110,43,571,01:12:16,06:04:06,04:00:31,11:22:45,---,Ironman 140.6,Zurich,Switzerland,Europe,F,2011,20110710,switzerland,30-34
"Oh, Nicole",GBR,119,52,634,01:15:04,05:39:13,04:32:44,11:33:10,---,Ironman 140.6,Zurich,Switzerland,Europe,F,2011,20110710,switzerland,30-34
"Kürner, Tanja",CHE,132,58,708,01:18:10,05:54:40,04:22:44,11:44:34,---,Ironman 140.6,Zurich,Switzerland,Europe,F,2011,20110710,switzerland,30-34
"Duff, Toni",GBR,134,59,716,01:09:01,06:26:02,04:04:02,11:45:14,---,Ironman 140.6,Zurich,Switzerland,Europe,F,2011,20110710,switzerland,30-34
"Meier, Désirée",CHE,135,61,728,01:08:59,06:01:18,04:31:56,11:47:12,---,Ironman 140.6,Zurich,Switzerland,Europe,F,2011,20110710,switzerland,30-34
"Wahl, Nicole",DEU,137,64,746,01:14:55,06:15:27,04:14:50,11:49:41,---,Ironman 140.6,Zurich,Switzerland,Europe,F,2011,20110710,switzerland,30-34
"Moffat, Jennifer",GBR,140,66,761,01:13:11,06:09:35,04:21:49,11:51:04,---,Ironman 140.6,Zurich,Switzerland,Europe,F,2011,20110710,switzerland,30-34
"Lábodi, Laura",HUN,145,70,796,01:00:50,06:52:41,03:55:35,11:57:17,---,Ironman 140.6,Zurich,Switzerland,Europe,F,2011,20110710,switzerland,30-34
"Baumann, Melanie",CHE,162,83,886,01:36:24,06:12:40,04:15:28,12:11:10,---,Ironman 140.6,Zurich,Switzerland,Europe,F,2011,20110710,switzerland,30-34
"Studer, Franziska",CHE,166,86,906,01:11:17,06:13:53,04:44:45,12:13:46,---,Ironman 140.6,Zurich,Switzerland,Europe,F,2011,20110710,switzerland,30-34
"Von Tobel, Corinne",CHE,177,98,999,01:23:09,06:39:20,04:18:53,12:29:32,---,Ironman 140.6,Zurich,Switzerland,Europe,F,2011,20110710,switzerland,30-34
"Fontanive, Celine",CHE,178,99,1001,01:21:46,06:35:41,04:27:38,12:29:56,---,Ironman 140.6,Zurich,Switzerland,Europe,F,2011,20110710,switzerland,30-34
"Marzinotto, Nathalie",CHE,185,106,1048,01:33:40,06:36:48,04:20:55,12:39:01,---,Ironman 140.6,Zurich,Switzerland,Europe,F,2011,20110710,switzerland,30-34
"Travers, Pam",CYM,190,108,1067,01:04:44,07:20:18,04:11:21,12:41:41,---,Ironman 140.6,Zurich,Switzerland,Europe,F,2011,20110710,switzerland,30-34
"Gabasa, Esmeralda",ESP,194,110,1084,01:22:18,06:32:25,04:38:29,12:44:11,---,Ironman 140.6,Zurich,Switzerland,Europe,F,2011,20110710,switzerland,30-34
"Obersky, Renae",GBR,197,112,1109,01:25:13,07:08:49,04:05:56,12:47:09,---,Ironman 140.6,Zurich,Switzerland,Europe,F,2011,20110710,switzerland,30-34
"Wiegand, Carolin",CHE,209,126,1193,01:23:47,06:23:06,05:12:58,13:06:16,---,Ironman 140.6,Zurich,Switzerland,Europe,F,2011,20110710,switzerland,30-34
"Partanen, Veera",GBR,214,127,1206,01:36:35,07:09:21,04:14:23,13:08:22,---,Ironman 140.6,Zurich,Switzerland,Europe,F,2011,20110710,switzerland,30-34
"Lehnherr, Nicole",CHE,217,130,1223,01:15:12,06:36:29,05:03:56,13:12:38,---,Ironman 140.6,Zurich,Switzerland,Europe,F,2011,20110710,switzerland,30-34
"Buchanan, Dawn",GBR,218,131,1224,01:11:14,06:58:53,04:56:05,13:12:56,---,Ironman 140.6,Zurich,Switzerland,Europe,F,2011,20110710,switzerland,30-34
"Lothaller, Dominique",AUT,219,133,1227,01:19:34,07:31:53,04:11:47,13:13:07,---,Ironman 140.6,Zurich,Switzerland,Europe,F,2011,20110710,switzerland,30-34
"Smith, Kirsten",GBR,224,134,1255,01:14:50,06:54:55,05:01:21,13:22:18,---,Ironman 140.6,Zurich,Switzerland,Europe,F,2011,20110710,switzerland,30-34
"Dassonville, Lucy",ESP,231,139,1289,01:34:33,07:09:18,04:33:55,13:30:38,---,Ironman 140.6,Zurich,Switzerland,Europe,F,2011,20110710,switzerland,30-34
"Ratzer, Rikke",DNK,238,145,1328,01:26:32,06:36:54,05:30:04,13:39:30,---,Ironman 140.6,Zurich,Switzerland,Europe,F,2011,20110710,switzerland,30-34
"Waltert, Yvonne",CHE,240,150,1341,02:02:54,06:47:27,04:44:32,13:42:17,---,Ironman 140.6,Zurich,Switzerland,Europe,F,2011,20110710,switzerland,30-34
"Wood, Felicity",GBR,242,153,1353,01:21:50,07:37:27,04:32:52,13:44:53,---,Ironman 140.6,Zurich,Switzerland,Europe,F,2011,20110710,switzerland,30-34
"Szentgyorgyi, Eva",CHE,243,154,1359,01:21:56,07:02:25,04:55:31,13:45:56,---,Ironman 140.6,Zurich,Switzerland,Europe,F,2011,20110710,switzerland,30-34
"Boyd, Laura",GBR,244,158,1381,01:36:45,07:31:15,04:35:33,13:52:15,---,Ironman 140.6,Zurich,Switzerland,Europe,F,2011,20110710,switzerland,30-34
"Isbrandt, Laura",DEU,246,161,1387,01:21:46,06:40:29,05:45:05,13:53:27,---,Ironman 140.6,Zurich,Switzerland,Europe,F,2011,20110710,switzerland,30-34
"Falconer, Lynsay",GBR,251,165,1421,01:08:12,07:53:18,04:54:38,14:05:51,---,Ironman 140.6,Zurich,Switzerland,Europe,F,2011,20110710,switzerland,30-34
"Bjerg, Regitze Cenholt",CHE,257,172,1460,01:46:22,07:24:56,05:03:07,14:25:21,---,Ironman 140.6,Zurich,Switzerland,Europe,F,2011,20110710,switzerland,30-34
"Dexheimer, Judith",USA,264,179,1494,01:30:05,07:35:50,05:24:24,14:38:35,---,Ironman 140.6,Zurich,Switzerland,Europe,F,2011,20110710,switzerland,30-34
"Bissegger, Sonja",CAN,268,184,1521,01:34:08,07:40:04,05:18:08,14:53:23,---,Ironman 140.6,Zurich,Switzerland,Europe,F,2011,20110710,switzerland,30-34
"Brucker, Shirin",CHE,270,186,1531,01:18:09,07:38:52,05:56:16,15:01:57,---,Ironman 140.6,Zurich,Switzerland,Europe,F,2011,20110710,switzerland,30-34
"Romberg, Kristin",USA,271,187,1533,01:29:56,07:37:12,05:37:29,15:02:18,---,Ironman 140.6,Zurich,Switzerland,Europe,F,2011,20110710,switzerland,30-34
"Päivinen, Maija",FIN,272,189,1536,01:25:59,07:16:08,06:13:41,15:03:37,---,Ironman 140.6,Zurich,Switzerland,Europe,F,2011,20110710,switzerland,30-34
"Van Der Bijl, Erika",GBR,278,200,1591,01:31:55,08:05:38,05:55:27,15:42:02,---,Ironman 140.6,Zurich,Switzerland,Europe,F,2011,20110710,switzerland,30-34
"Hertach, Cindy",CHE,279,201,1592,01:36:11,07:59:56,05:51:01,15:46:34,---,Ironman 140.6,Zurich,Switzerland,Europe,F,2011,20110710,switzerland,30-34
"Brunati, Sara",CHE,---,---,---,---,---,---,DNS,---,Ironman 140.6,Zurich,Switzerland,Europe,F,2011,20110710,switzerland,30-34
"Calder, Katherine",CHE,---,---,---,---,---,---,DNS,---,Ironman 140.6,Zurich,Switzerland,Europe,F,2011,20110710,switzerland,30-34
"Conti, Daniela",CHE,---,---,---,01:40:15,07:29:00,---,DNF,---,Ironman 140.6,Zurich,Switzerland,Europe,F,2011,20110710,switzerland,30-34
"Fürst, Marina",CHE,---,---,---,---,---,---,DNS,---,Ironman 140.6,Zurich,Switzerland,Europe,F,2011,20110710,switzerland,30-34
"Hager, Chantal",CHE,---,---,---,01:11:24,---,---,DNF,---,Ironman 140.6,Zurich,Switzerland,Europe,F,2011,20110710,switzerland,30-34
"Holst, Tine",---,---,---,---,01:16:45,---,12:37:37,DNF,---,Ironman 140.6,Zurich,Switzerland,Europe,F,2011,20110710,switzerland,30-34
"Moser, Miriam",CHE,---,---,---,00:55:34,05:49:29,---,DNF,---,Ironman 140.6,Zurich,Switzerland,Europe,F,2011,20110710,switzerland,30-34
"Plenkiewicz, Justine",CYM,---,---,---,01:25:29,---,---,DNF,---,Ironman 140.6,Zurich,Switzerland,Europe,F,2011,20110710,switzerland,30-34
"Pon, Katrina",USA,---,---,---,---,---,---,DNS,---,Ironman 140.6,Zurich,Switzerland,Europe,F,2011,20110710,switzerland,30-34
"Stöckli, Martin",CHE,---,---,---,01:16:34,05:25:28,---,DNF,---,Ironman 140.6,Zurich,Switzerland,Europe,F,2011,20110710,switzerland,30-34
"Van Loo-Born, Beate",DEU,---,---,---,---,---,---,DNS,---,Ironman 140.6,Zurich,Switzerland,Europe,F,2011,20110710,switzerland,30-34
"Worley, Gill",IRL,---,---,---,---,---,---,DNS,---,Ironman 140.6,Zurich,Switzerland,Europe,F,2011,20110710,switzerland,30-34
"Egloff, Barbara",CHE,42,10,165,01:14:11,05:22:17,03:35:35,10:15:00,---,Ironman 140.6,Zurich,Switzerland,Europe,F,2011,20110710,switzerland,35-39
"Roulin, Verene",---,87,20,358,01:13:20,05:52:08,03:39:29,10:49:16,---,Ironman 140.6,Zurich,Switzerland,Europe,F,2011,20110710,switzerland,35-39
"Eyerman, Jennifer",CHE,95,22,385,01:17:26,05:30:17,04:00:25,10:54:26,---,Ironman 140.6,Zurich,Switzerland,Europe,F,2011,20110710,switzerland,35-39
"Smith, Helen",GBR,113,31,470,01:08:43,06:06:32,03:48:36,11:07:42,---,Ironman 140.6,Zurich,Switzerland,Europe,F,2011,20110710,switzerland,35-39
"Van Thuyne, Mieke",BEL,116,35,480,01:10:55,05:46:50,04:07:28,11:08:51,---,Ironman 140.6,Zurich,Switzerland,Europe,F,2011,20110710,switzerland,35-39
"Soldati, Claudia",HKG,143,46,605,01:03:36,05:55:10,04:23:03,11:28:16,---,Ironman 140.6,Zurich,Switzerland,Europe,F,2011,20110710,switzerland,35-39
"Freeman, Genevieve",GBR,144,48,613,01:13:50,06:02:01,04:09:52,11:29:21,---,Ironman 140.6,Zurich,Switzerland,Europe,F,2011,20110710,switzerland,35-39
"Stump, Karin",CHE,147,51,622,01:28:21,05:58:37,03:58:51,11:31:20,---,Ironman 140.6,Zurich,Switzerland,Europe,F,2011,20110710,switzerland,35-39
"Schubien, Wiebke",CHE,157,54,658,01:18:29,06:00:36,04:14:24,11:38:03,---,Ironman 140.6,Zurich,Switzerland,Europe,F,2011,20110710,switzerland,35-39
"Senn, Nora",HKG,160,55,685,01:18:43,06:08:09,04:08:22,11:41:23,---,Ironman 140.6,Zurich,Switzerland,Europe,F,2011,20110710,switzerland,35-39
"Linner, Karin",USA,162,56,687,01:03:29,05:57:00,04:34:58,11:41:37,---,Ironman 140.6,Zurich,Switzerland,Europe,F,2011,20110710,switzerland,35-39
"Gmuer, Claudia",CHE,166,57,707,01:20:31,05:45:48,04:32:33,11:44:27,---,Ironman 140.6,Zurich,Switzerland,Europe,F,2011,20110710,switzerland,35-39
"Naef, Barbara",CHE,192,71,811,01:05:38,06:19:57,04:28:02,11:58:39,---,Ironman 140.6,Zurich,Switzerland,Europe,F,2011,20110710,switzerland,35-39
"Hartmann, Maja",CHE,193,73,817,01:25:42,06:15:13,04:12:14,11:59:14,---,Ironman 140.6,Zurich,Switzerland,Europe,F,2011,20110710,switzerland,35-39
"Korbely, Janice",CAN,197,77,835,01:15:05,06:26:55,04:14:55,12:02:07,---,Ironman 140.6,Zurich,Switzerland,Europe,F,2011,20110710,switzerland,35-39
"Rieck, Julia",DEU,199,79,844,01:22:15,06:17:43,04:14:58,12:03:16,---,Ironman 140.6,Zurich,Switzerland,Europe,F,2011,20110710,switzerland,35-39
"Portmann, Isabelle",CHE,213,88,915,01:11:36,06:14:29,04:43:59,12:14:30,---,Ironman 140.6,Zurich,Switzerland,Europe,F,2011,20110710,switzerland,35-39
"Roschy, Sabine",DEU,228,92,973,01:33:57,07:01:11,03:40:48,12:24:09,---,Ironman 140.6,Zurich,Switzerland,Europe,F,2011,20110710,switzerland,35-39
"Bortolotti, Monica",ITA,229,94,978,01:29:30,06:25:52,04:21:51,12:25:28,---,Ironman 140.6,Zurich,Switzerland,Europe,F,2011,20110710,switzerland,35-39
"Allan, Pamela",CAN,233,97,997,01:18:20,06:27:59,04:33:42,12:29:15,---,Ironman 140.6,Zurich,Switzerland,Europe,F,2011,20110710,switzerland,35-39
"Avery, Melanie",GBR,246,109,1081,01:15:22,06:39:00,04:38:55,12:44:00,---,Ironman 140.6,Zurich,Switzerland,Europe,F,2011,20110710,switzerland,35-39
"Bernasconi, Mery",CHE,260,119,1155,01:17:54,06:41:46,04:52:42,12:56:16,---,Ironman 140.6,Zurich,Switzerland,Europe,F,2011,20110710,switzerland,35-39
"Werer, Karin",CHE,261,120,1158,01:33:56,06:35:47,04:39:54,12:57:10,---,Ironman 140.6,Zurich,Switzerland,Europe,F,2011,20110710,switzerland,35-39
"O'shea, Louise",IRL,262,122,1164,01:22:33,06:57:27,04:28:57,12:58:43,---,Ironman 140.6,Zurich,Switzerland,Europe,F,2011,20110710,switzerland,35-39
"Nordbeck, Lotta",SWE,265,123,1177,01:13:05,06:56:01,04:41:19,13:03:32,---,Ironman 140.6,Zurich,Switzerland,Europe,F,2011,20110710,switzerland,35-39
"Grabowski, Karen",USA,266,124,1179,01:07:03,06:24:36,05:26:03,13:03:55,---,Ironman 140.6,Zurich,Switzerland,Europe,F,2011,20110710,switzerland,35-39
"Zaugg, Luzia",CHE,269,128,1210,01:19:26,07:03:36,04:39:00,13:09:13,---,Ironman 140.6,Zurich,Switzerland,Europe,F,2011,20110710,switzerland,35-39
"Dolhare, Meredith",USA,285,136,1285,01:27:25,06:29:09,05:25:10,13:29:41,---,Ironman 140.6,Zurich,Switzerland,Europe,F,2011,20110710,switzerland,35-39
"Molloy, Kimberly",USA,290,143,1319,01:17:42,06:54:41,05:13:51,13:37:15,---,Ironman 140.6,Zurich,Switzerland,Europe,F,2011,20110710,switzerland,35-39
"Ludemann, Annette",FRA,298,156,1369,01:39:12,07:40:01,04:19:10,13:49:20,---,Ironman 140.6,Zurich,Switzerland,Europe,F,2011,20110710,switzerland,35-39
"Segerson, Karen",USA,300,160,1386,01:03:58,06:54:12,05:44:42,13:53:12,---,Ironman 140.6,Zurich,Switzerland,Europe,F,2011,20110710,switzerland,35-39
"Rolston, Amy",GBR,302,163,1397,01:48:43,07:15:20,04:45:14,13:56:21,---,Ironman 140.6,Zurich,Switzerland,Europe,F,2011,20110710,switzerland,35-39
"De Giuseppe, Deborah",ITA,306,164,1412,01:14:22,07:21:00,05:18:08,14:02:37,---,Ironman 140.6,Zurich,Switzerland,Europe,F,2011,20110710,switzerland,35-39
"Holdsworth, Belinda",CHE,310,170,1450,01:21:42,07:09:46,05:35:03,14:19:31,---,Ironman 140.6,Zurich,Switzerland,Europe,F,2011,20110710,switzerland,35-39
"Ganzoni, Cristina",CHE,311,171,1456,01:29:26,07:38:32,05:03:08,14:24:25,---,Ironman 140.6,Zurich,Switzerland,Europe,F,2011,20110710,switzerland,35-39
"rogers, danielle",GBR,315,177,1480,01:22:21,07:25:43,05:29:55,14:31:22,---,Ironman 140.6,Zurich,Switzerland,Europe,F,2011,20110710,switzerland,35-39
"Howard, Naomi",IRL,325,185,1523,01:47:12,07:42:23,05:10:51,14:55:10,---,Ironman 140.6,Zurich,Switzerland,Europe,F,2011,20110710,switzerland,35-39
"Graham, Shana",CAN,331,192,1564,01:14:39,07:24:57,06:35:16,15:26:38,---,Ironman 140.6,Zurich,Switzerland,Europe,F,2011,20110710,switzerland,35-39
"Böker-Price, Sylvia",GBR,335,194,1576,01:24:51,07:56:25,05:56:07,15:33:09,---,Ironman 140.6,Zurich,Switzerland,Europe,F,2011,20110710,switzerland,35-39
"Walch, Katalin",GBR,337,197,1585,01:22:25,07:59:06,05:59:38,15:37:17,---,Ironman 140.6,Zurich,Switzerland,Europe,F,2011,20110710,switzerland,35-39
"Ferra Navarro, Eva",ESP,338,202,1593,01:44:56,08:02:15,05:48:06,15:46:54,---,Ironman 140.6,Zurich,Switzerland,Europe,F,2011,20110710,switzerland,35-39
"Anderson, Kristin",CHE,---,---,---,---,---,---,DNS,---,Ironman 140.6,Zurich,Switzerland,Europe,F,2011,20110710,switzerland,35-39
"Baruffaldi, Jessica",CHE,---,---,---,---,---,---,DNS,---,Ironman 140.6,Zurich,Switzerland,Europe,F,2011,20110710,switzerland,35-39
"Curtis, Lisa",SGP,---,---,---,01:11:45,06:20:12,---,DNF,---,Ironman 140.6,Zurich,Switzerland,Europe,F,2011,20110710,switzerland,35-39
"Duke, Calin",USA,---,---,---,---,---,---,DNS,---,Ironman 140.6,Zurich,Switzerland,Europe,F,2011,20110710,switzerland,35-39
"Hackner, Andrea",DEU,---,---,---,01:14:44,06:22:57,---,DNF,---,Ironman 140.6,Zurich,Switzerland,Europe,F,2011,20110710,switzerland,35-39
"Joslin, Rebecca",CHE,---,---,---,---,---,---,DNS,---,Ironman 140.6,Zurich,Switzerland,Europe,F,2011,20110710,switzerland,35-39
"Notz, Vera",CHE,---,---,---,01:10:21,05:40:08,---,DNF,---,Ironman 140.6,Zurich,Switzerland,Europe,F,2011,20110710,switzerland,35-39
"Reidsema, Michelle",CHE,---,---,---,---,---,---,DNS,---,Ironman 140.6,Zurich,Switzerland,Europe,F,2011,20110710,switzerland,35-39
"Saly, Katrin",CHE,---,---,---,---,---,---,DNS,---,Ironman 140.6,Zurich,Switzerland,Europe,F,2011,20110710,switzerland,35-39
"Stagsted, Thue",DNK,---,---,---,---,---,---,DNS,---,Ironman 140.6,Zurich,Switzerland,Europe,F,2011,20110710,switzerland,35-39
"Patt, Sandra",CHE,26,5,135,01:06:07,05:42:12,03:16:30,10:08:46,---,Ironman 140.6,Zurich,Switzerland,Europe,F,2011,20110710,switzerland,40-44
"Best, Nicole",DEU,29,7,152,01:00:13,05:38:59,03:30:18,10:12:08,---,Ironman 140.6,Zurich,Switzerland,Europe,F,2011,20110710,switzerland,40-44
"Krallmann-Brüll, Petra",DEU,51,13,228,01:03:52,05:35:39,03:44:21,10:27:43,---,Ironman 140.6,Zurich,Switzerland,Europe,F,2011,20110710,switzerland,40-44
"Rothgang, Heidi",DEU,71,14,302,01:12:33,05:34:08,03:48:09,10:39:08,---,Ironman 140.6,Zurich,Switzerland,Europe,F,2011,20110710,switzerland,40-44
"Laurendeau, Nathalie",AUS,111,38,492,01:03:01,05:54:19,04:07:20,11:10:28,---,Ironman 140.6,Zurich,Switzerland,Europe,F,2011,20110710,switzerland,40-44
"Schöke, Dagmar",CHE,142,47,606,01:18:03,06:04:11,04:01:28,11:28:18,---,Ironman 140.6,Zurich,Switzerland,Europe,F,2011,20110710,switzerland,40-44
"Stoeckli, Michele",CHE,147,50,620,01:11:41,06:00:58,04:08:42,11:31:04,---,Ironman 140.6,Zurich,Switzerland,Europe,F,2011,20110710,switzerland,40-44
"Findlay, Ej",NLD,169,60,717,01:03:44,06:23:32,04:10:59,11:45:25,---,Ironman 140.6,Zurich,Switzerland,Europe,F,2011,20110710,switzerland,40-44
"Ottogalli, Susan",USA,175,62,737,01:12:31,06:15:35,04:15:22,11:48:46,---,Ironman 140.6,Zurich,Switzerland,Europe,F,2011,20110710,switzerland,40-44
"Dönni, Kathrin",---,186,67,783,01:19:11,06:09:31,04:18:50,11:54:22,---,Ironman 140.6,Zurich,Switzerland,Europe,F,2011,20110710,switzerland,40-44
"Girgis, Angela",GBR,188,68,787,01:08:55,06:34:02,04:04:59,11:55:55,---,Ironman 140.6,Zurich,Switzerland,Europe,F,2011,20110710,switzerland,40-44
"Samulewicz, April",CHE,191,69,795,01:16:24,06:09:00,04:27:58,11:57:16,---,Ironman 140.6,Zurich,Switzerland,Europe,F,2011,20110710,switzerland,40-44
"Intxaurbe, Eguzkiñe",ESP,213,81,869,01:49:47,06:39:10,03:32:26,12:08:33,---,Ironman 140.6,Zurich,Switzerland,Europe,F,2011,20110710,switzerland,40-44
"Webster, Jacqui",AUS,219,85,895,01:22:31,06:18:06,04:26:23,12:12:42,---,Ironman 140.6,Zurich,Switzerland,Europe,F,2011,20110710,switzerland,40-44
"Polacek, Simone",CHE,226,89,935,01:21:36,06:15:39,04:33:22,12:17:37,---,Ironman 140.6,Zurich,Switzerland,Europe,F,2011,20110710,switzerland,40-44
"Flückiger, Sibylle",CHE,227,90,940,01:23:42,06:17:39,04:30:22,12:18:17,---,Ironman 140.6,Zurich,Switzerland,Europe,F,2011,20110710,switzerland,40-44
"Ferro, Liz",USA,234,96,989,01:11:44,06:46:10,04:21:53,12:27:12,---,Ironman 140.6,Zurich,Switzerland,Europe,F,2011,20110710,switzerland,40-44
"Cahill, Caroline",CYM,244,103,1026,01:32:56,06:48:12,03:58:50,12:33:13,---,Ironman 140.6,Zurich,Switzerland,Europe,F,2011,20110710,switzerland,40-44
"Vogel, Sabine",CHE,247,104,1039,01:14:47,06:18:49,04:56:32,12:35:58,---,Ironman 140.6,Zurich,Switzerland,Europe,F,2011,20110710,switzerland,40-44
"Peer, Sandy",CHE,268,118,1145,01:20:35,06:52:54,04:33:08,12:53:48,---,Ironman 140.6,Zurich,Switzerland,Europe,F,2011,20110710,switzerland,40-44
"Fuegel, Birgit",DEU,271,121,1159,01:35:18,07:06:56,04:09:31,12:57:22,---,Ironman 140.6,Zurich,Switzerland,Europe,F,2011,20110710,switzerland,40-44
"Da Silva Sauter, Vania",CHE,282,125,1192,01:09:38,06:45:38,05:03:45,13:05:56,---,Ironman 140.6,Zurich,Switzerland,Europe,F,2011,20110710,switzerland,40-44
"Tummer, Corinne",CHE,287,132,1225,01:10:22,07:17:56,04:35:34,13:13:02,---,Ironman 140.6,Zurich,Switzerland,Europe,F,2011,20110710,switzerland,40-44
"Rewcastle, Amanda",USA,298,135,1257,01:09:36,06:26:12,05:41:52,13:22:54,---,Ironman 140.6,Zurich,Switzerland,Europe,F,2011,20110710,switzerland,40-44
"Baumann-Birkenstock, Susanne",CHE,310,141,1309,01:22:46,07:07:10,04:56:00,13:35:03,---,Ironman 140.6,Zurich,Switzerland,Europe,F,2011,20110710,switzerland,40-44
"Cordeiro, Ilka",BRA,315,147,1335,01:19:09,07:29:00,04:46:35,13:40:24,---,Ironman 140.6,Zurich,Switzerland,Europe,F,2011,20110710,switzerland,40-44
"Pharaony, Marie-Louise",CHE,324,157,1380,01:29:33,07:14:26,04:56:37,13:51:52,---,Ironman 140.6,Zurich,Switzerland,Europe,F,2011,20110710,switzerland,40-44
"Elliott, Hannah Ruth",GBR,325,159,1382,01:12:30,06:37:24,05:45:39,13:52:36,---,Ironman 140.6,Zurich,Switzerland,Europe,F,2011,20110710,switzerland,40-44
"Stockley, Sue",GBR,340,168,1444,01:21:15,07:05:29,05:41:33,14:15:46,---,Ironman 140.6,Zurich,Switzerland,Europe,F,2011,20110710,switzerland,40-44
"Couratier, Juliette",USA,342,169,1447,01:23:53,07:33:13,05:02:18,14:17:08,---,Ironman 140.6,Zurich,Switzerland,Europe,F,2011,20110710,switzerland,40-44
"Macgreggor, Maria",USA,346,174,1467,01:05:58,07:47:06,05:14:03,14:28:55,---,Ironman 140.6,Zurich,Switzerland,Europe,F,2011,20110710,switzerland,40-44
"Heinold, Andrea",DEU,347,176,1469,01:23:01,07:41:41,05:11:11,14:29:01,---,Ironman 140.6,Zurich,Switzerland,Europe,F,2011,20110710,switzerland,40-44
"Vuilleumier, Stephanie",CAN,350,178,1485,01:23:40,07:41:14,05:16:19,14:33:01,---,Ironman 140.6,Zurich,Switzerland,Europe,F,2011,20110710,switzerland,40-44
"Zanotelli, Claudia",CHE,352,181,1503,01:43:22,07:02:00,05:46:59,14:43:58,---,Ironman 140.6,Zurich,Switzerland,Europe,F,2011,20110710,switzerland,40-44
"Delage, Sandrine",FRA,354,182,1506,01:13:24,07:03:51,06:15:21,14:46:11,---,Ironman 140.6,Zurich,Switzerland,Europe,F,2011,20110710,switzerland,40-44
"Birchall, Karen",GBR,363,188,1534,01:23:58,07:19:22,06:00:34,15:02:52,---,Ironman 140.6,Zurich,Switzerland,Europe,F,2011,20110710,switzerland,40-44
"Bruyere, Nathalie",FRA,366,190,1543,01:26:30,08:03:52,05:32:10,15:14:39,---,Ironman 140.6,Zurich,Switzerland,Europe,F,2011,20110710,switzerland,40-44
"Le Cam, Nadine",FRA,372,195,1581,01:40:25,07:37:20,06:07:15,15:35:06,---,Ironman 140.6,Zurich,Switzerland,Europe,F,2011,20110710,switzerland,40-44
"Torres Baumgartner, Lourdes",ESP,374,203,1600,01:44:41,08:24:39,05:37:05,15:57:11,---,Ironman 140.6,Zurich,Switzerland,Europe,F,2011,20110710,switzerland,40-44
"Beck, Patricia",DEU,---,---,---,01:10:38,06:11:03,---,DNF,---,Ironman 140.6,Zurich,Switzerland,Europe,F,2011,20110710,switzerland,40-44
"Bukovina, Cally",USA,---,---,---,01:59:33,08:03:47,---,DNF,---,Ironman 140.6,Zurich,Switzerland,Europe,F,2011,20110710,switzerland,40-44
"Garcia De Leon, Maria De Lourdes",MEX,---,---,---,01:26:03,07:40:53,05:13:13,DNF,---,Ironman 140.6,Zurich,Switzerland,Europe,F,2011,20110710,switzerland,40-44
"Kerr, Emily",GBR,---,---,---,01:43:30,---,---,DNF,---,Ironman 140.6,Zurich,Switzerland,Europe,F,2011,20110710,switzerland,40-44
"Le Tourneur, Ingrid",CHE,---,---,---,---,---,---,DNS,---,Ironman 140.6,Zurich,Switzerland,Europe,F,2011,20110710,switzerland,40-44
"Meyne, Sabine",DEU,---,---,---,---,---,---,DNS,---,Ironman 140.6,Zurich,Switzerland,Europe,F,2011,20110710,switzerland,40-44
"Respecki, Angela",USA,---,---,---,01:27:41,---,---,DNF,---,Ironman 140.6,Zurich,Switzerland,Europe,F,2011,20110710,switzerland,40-44
"Rodarte, Marilu",MEX,---,---,---,01:45:04,---,---,DNF,---,Ironman 140.6,Zurich,Switzerland,Europe,F,2011,20110710,switzerland,40-44
"Thorburn, Rebecca",HKG,---,---,---,01:10:09,06:37:58,---,DNF,---,Ironman 140.6,Zurich,Switzerland,Europe,F,2011,20110710,switzerland,40-44
"Tögel, Natascha",AUT,---,---,---,---,---,---,DNS,---,Ironman 140.6,Zurich,Switzerland,Europe,F,2011,20110710,switzerland,40-44
"Gleich, Dorothea",CHE,67,32,473,01:25:42,05:45:33,03:51:33,11:07:55,---,Ironman 140.6,Zurich,Switzerland,Europe,F,2011,20110710,switzerland,45-49
"Zoccoli, Giovanna",ITA,69,36,484,01:22:22,06:03:32,03:35:46,11:09:03,---,Ironman 140.6,Zurich,Switzerland,Europe,F,2011,20110710,switzerland,45-49
"Collis, Mandy",MUS,89,49,619,01:16:51,06:07:36,03:59:49,11:30:30,---,Ironman 140.6,Zurich,Switzerland,Europe,F,2011,20110710,switzerland,45-49
"Ferreira, Louise",ZAF,108,65,749,01:19:27,06:18:27,04:04:59,11:49:51,---,Ironman 140.6,Zurich,Switzerland,Europe,F,2011,20110710,switzerland,45-49
"Miller, Barbara",CHE,120,78,842,01:39:29,06:31:36,03:46:32,12:03:07,---,Ironman 140.6,Zurich,Switzerland,Europe,F,2011,20110710,switzerland,45-49
"Schärer, Ursula",CHE,126,84,890,01:20:39,06:01:30,04:41:20,12:11:55,---,Ironman 140.6,Zurich,Switzerland,Europe,F,2011,20110710,switzerland,45-49
"Bögli, Yvonne",CHE,148,95,981,01:16:56,06:21:45,04:40:35,12:26:06,---,Ironman 140.6,Zurich,Switzerland,Europe,F,2011,20110710,switzerland,45-49
"Bruno, Ludovica",GBR,161,105,1046,01:18:50,07:03:09,04:05:47,12:37:43,---,Ironman 140.6,Zurich,Switzerland,Europe,F,2011,20110710,switzerland,45-49
"Souvorov, Anita",CHE,171,114,1114,01:22:53,06:28:03,04:46:15,12:48:07,---,Ironman 140.6,Zurich,Switzerland,Europe,F,2011,20110710,switzerland,45-49
"Martin, Lisa",USA,174,115,1122,01:18:42,06:51:23,04:32:35,12:49:56,---,Ironman 140.6,Zurich,Switzerland,Europe,F,2011,20110710,switzerland,45-49
"Strässle, Claudia",CHE,189,129,1216,01:23:49,06:39:34,04:58:18,13:10:52,---,Ironman 140.6,Zurich,Switzerland,Europe,F,2011,20110710,switzerland,45-49
"Dutli Derron, Marianne",CHE,201,142,1311,01:26:43,06:54:03,05:05:11,13:35:23,---,Ironman 140.6,Zurich,Switzerland,Europe,F,2011,20110710,switzerland,45-49
"Grob, Gabriela",CHE,203,144,1325,01:23:43,07:25:33,04:39:12,13:38:59,---,Ironman 140.6,Zurich,Switzerland,Europe,F,2011,20110710,switzerland,45-49
"Bobst, Belinda",CHE,205,149,1340,01:17:18,06:45:21,05:32:30,13:42:16,---,Ironman 140.6,Zurich,Switzerland,Europe,F,2011,20110710,switzerland,45-49
"Schmid-Vender, Renate",AUT,206,152,1350,01:36:34,07:01:10,04:55:07,13:43:32,---,Ironman 140.6,Zurich,Switzerland,Europe,F,2011,20110710,switzerland,45-49
"Yamamoto, Makie",JPN,226,175,1468,01:32:22,07:32:48,05:11:11,14:28:59,---,Ironman 140.6,Zurich,Switzerland,Europe,F,2011,20110710,switzerland,45-49
"Woltersdorf, Bettina",DEU,237,191,1555,01:40:06,08:10:44,05:21:02,15:20:41,---,Ironman 140.6,Zurich,Switzerland,Europe,F,2011,20110710,switzerland,45-49
"Mc Crea, Maryann",USA,240,193,1575,01:26:29,08:02:09,05:49:25,15:33:06,---,Ironman 140.6,Zurich,Switzerland,Europe,F,2011,20110710,switzerland,45-49
"Canton, Annalisa",DEU,---,---,---,01:31:14,07:44:44,---,DNF,---,Ironman 140.6,Zurich,Switzerland,Europe,F,2011,20110710,switzerland,45-49
"Heller, Susan",CHE,---,---,---,01:14:35,---,---,DNF,---,Ironman 140.6,Zurich,Switzerland,Europe,F,2011,20110710,switzerland,45-49
"Kandel, Margreth",CHE,---,---,---,01:18:35,---,---,DNF,---,Ironman 140.6,Zurich,Switzerland,Europe,F,2011,20110710,switzerland,45-49
"Merz, Ursula",CHE,---,---,---,01:26:23,07:00:03,---,DNF,---,Ironman 140.6,Zurich,Switzerland,Europe,F,2011,20110710,switzerland,45-49
"Smercina, Heather",USA,---,---,---,---,---,---,DNS,---,Ironman 140.6,Zurich,Switzerland,Europe,F,2011,20110710,switzerland,45-49
"Steinborn, Dorothee",DEU,---,---,---,---,---,---,DNS,---,Ironman 140.6,Zurich,Switzerland,Europe,F,2011,20110710,switzerland,45-49
"Salvisberg, Renata",CHE,21,42,563,01:10:24,05:53:26,04:12:33,11:20:23,---,Ironman 140.6,Zurich,Switzerland,Europe,F,2011,20110710,switzerland,50-54
"Hummel, Marianne",CHE,23,45,603,01:09:43,05:57:04,04:16:56,11:28:07,---,Ironman 140.6,Zurich,Switzerland,Europe,F,2011,20110710,switzerland,50-54
"Kuster, Barbara",CHE,34,74,821,01:19:59,06:04:49,04:28:39,11:59:24,---,Ironman 140.6,Zurich,Switzerland,Europe,F,2011,20110710,switzerland,50-54
"Schanz-Matern, Elke",DEU,35,75,824,01:11:59,06:32:46,04:10:42,11:59:49,---,Ironman 140.6,Zurich,Switzerland,Europe,F,2011,20110710,switzerland,50-54
"Beusch, Doris",CHE,38,80,857,01:27:14,06:09:30,04:22:57,12:05:39,---,Ironman 140.6,Zurich,Switzerland,Europe,F,2011,20110710,switzerland,50-54
"Pfeifle, Julie",USA,46,100,1003,01:25:40,06:32:32,04:25:56,12:30:12,---,Ironman 140.6,Zurich,Switzerland,Europe,F,2011,20110710,switzerland,50-54
"Guillod, Catherine",CHE,49,102,1019,01:22:36,06:34:14,04:29:34,12:32:35,---,Ironman 140.6,Zurich,Switzerland,Europe,F,2011,20110710,switzerland,50-54
"Tettenborn, Barbara",CHE,55,107,1054,01:07:23,06:45:51,04:38:32,12:40:11,---,Ironman 140.6,Zurich,Switzerland,Europe,F,2011,20110710,switzerland,50-54
"Raine, Kim",CAN,64,113,1113,01:31:16,06:53:20,04:10:21,12:47:45,---,Ironman 140.6,Zurich,Switzerland,Europe,F,2011,20110710,switzerland,50-54
"Cross, Mary-Rose",GBR,76,140,1295,01:14:34,06:57:55,05:10:24,13:31:36,---,Ironman 140.6,Zurich,Switzerland,Europe,F,2011,20110710,switzerland,50-54
"Fowler, Katharina",NOR,80,148,1336,01:25:13,07:28:41,04:37:02,13:40:35,---,Ironman 140.6,Zurich,Switzerland,Europe,F,2011,20110710,switzerland,50-54
"Schweri, Susanna",CHE,99,173,1461,01:30:12,07:25:23,05:19:17,14:27:02,---,Ironman 140.6,Zurich,Switzerland,Europe,F,2011,20110710,switzerland,50-54
"Butel, Annie",FRA,103,183,1509,01:44:16,07:49:40,05:00:02,14:48:09,---,Ironman 140.6,Zurich,Switzerland,Europe,F,2011,20110710,switzerland,50-54
"Hafliger, Silvia",USA,---,---,---,01:47:58,---,---,DNF,---,Ironman 140.6,Zurich,Switzerland,Europe,F,2011,20110710,switzerland,50-54
"Joly, Nicole",BEL,---,---,---,---,---,---,DNS,---,Ironman 140.6,Zurich,Switzerland,Europe,F,2011,20110710,switzerland,50-54
"Schild, Astrid",DEU,---,---,---,00:40:40,---,---,DNF,---,Ironman 140.6,Zurich,Switzerland,Europe,F,2011,20110710,switzerland,50-54
"Kuld, Felicitas",DEU,14,87,913,01:25:03,06:16:37,04:24:27,12:14:08,---,Ironman 140.6,Zurich,Switzerland,Europe,F,2011,20110710,switzerland,55-59
"Picard, Marie-Laure",FRA,25,146,1330,01:32:44,06:49:59,05:05:44,13:39:55,---,Ironman 140.6,Zurich,Switzerland,Europe,F,2011,20110710,switzerland,55-59
"Murrell, Anne",AUS,27,155,1361,01:34:40,06:47:43,05:12:24,13:46:26,---,Ironman 140.6,Zurich,Switzerland,Europe,F,2011,20110710,switzerland,55-59
"Shimomura, Atsuko",JPN,39,1385,1579,01:31:41,07:53:57,05:55:58,15:34:51,---,Ironman 140.6,Zurich,Switzerland,Europe,F,2011,20110710,switzerland,55-59
"Murata, Satomi",JPN,40,198,1586,01:44:40,08:14:30,05:30:29,15:38:08,---,Ironman 140.6,Zurich,Switzerland,Europe,F,2011,20110710,switzerland,55-59
"Bareman, Ruth",USA,---,---,---,01:28:27,---,---,DNF,---,Ironman 140.6,Zurich,Switzerland,Europe,F,2011,20110710,switzerland,55-59
"Greenough, Glynis",GBR,---,---,---,---,---,---,DNS,---,Ironman 140.6,Zurich,Switzerland,Europe,F,2011,20110710,switzerland,55-59
"Kurt, Mireille",CHE,9,137,1286,01:44:40,07:01:38,04:35:11,13:29:43,---,Ironman 140.6,Zurich,Switzerland,Europe,F,2011,20110710,switzerland,60-64
"Buchholz, Marion",DEU,---,---,---,---,---,---,DNS,---,Ironman 140.6,Zurich,Switzerland,Europe,F,2011,20110710,switzerland,60-64
"Haynold, Marianne",DEU,---,---,---,---,---,---,DNS,---,Ironman 140.6,Zurich,Switzerland,Europe,F,2011,20110710,switzerland,60-64
